10000
8401.88
3943.83
7830.99
7984.4
9116.47
1975.51
3352.23
7682.3
2777.75
5539.7
4773.97
6288.71
3647.84
5134.01
9522.3
9161.95
6357.12
7172.97
1416.03
6069.69
163.006
2428.87
1372.32
8041.77
1566.79
4009.44
1297.9
1088.09
9989.25
2182.57
5129.32
8391.12
6126.4
2960.32
6375.52
5242.87
4935.83
9727.75
2925.17
7713.58
5267.45
7699.14
4002.29
8915.29
2833.15
3524.58
8077.25
9190.26
697.553
9493.27
5259.95
860.558
1922.14
6632.27
8902.33
3488.93
641.713
200.23
4577.02
630.958
2382.8
9706.34
9022.08
8509.2
2666.66
5397.6
3752.07
7602.49
5125.35
6677.24
5316.06
392.803
4376.38
9318.35
9308.1
7209.52
2842.93
7385.34
6399.79
3540.49
6878.61
1659.74
4401.05
8800.75
8292.01
3303.37
2289.68
8933.72
3503.6
6866.7
9564.68
5886.4
6573.04
8586.76
4395.6
9239.7
3984.37
8147.67
6842.19
9109.72
4824.91
2158.25
9502.52
9201.28
1476.6
8810.62
6410.81
4319.53
6195.96
2810.59
7860.02
3074.58
4470.34
2261.07
1875.33
2762.35
5564.44
4165.01
1696.07
9068.04
1031.71
1260.75
4954.44
7604.75
9847.52
9350.04
6844.45
3831.88
7497.71
3686.64
2941.6
2322.62
5844.89
2444.13
1523.9
7321.49
1254.75
7934.7
1641.02
7450.71
745.298
9501.04
525.293
5215.63
1762.11
2400.62
7977.98
7326.54
6565.64
9674.05
6394.58
7597.35
934.805
1349.02
5202.1
782.321
699.064
2046.55
4614.2
8196.77
5733.19
7555.81
519.388
1578.07
9999.94
2043.29
8899.56
1254.68
9977.99
540.576
8705.4
723.288
41.6161
9230.69
5938.92
1803.72
1631.31
3916.9
9130.27
8196.95
3590.95
5524.85
5794.3
4525.76
6873.87
996.401
5308.08
7572.94
3042.95
9922.28
5769.71
8776.14
7478.09
6289.1
354.209
7478.03
8332.39
9253.77
8732.71
8310.38
9794.34
7438.11
9033.66
9835.96
6668.8
4972.59
1639.68
8300.12
8889.49
769.947
6497.07
2480.44
6294.8
2291.37
7006.2
3168.67
3287.77
2314.28
741.61
6330.72
2236.56
6511.32
5106.86
9714.66
2800.42
5461.07
7192.69
1132.81
4714.83
5925.4
9443.18
4509.18
3363.51
8476.84
4345.13
32.3146
3449.43
5984.81
8332.43
2338.92
6754.76
4829.5
4819.36
3049.56
7120.87
1825.56
6218.23
408.643
4139.84
6959.84
6739.36
6376.4
3471.16
1846.22
6091.06
6271.58
7307.29
3283.74
7404.38
2022.13
9209.14
6847.57
6531.3
2572.65
5324.41
876.436
2604.97
8773.84
6861.25
937.402
1112.76
3616.01
5766.91
5932.11
6665.57
2887.78
7757.67
2883.79
3296.42
1897.51
9843.63
35.7857
8273.91
3314.79
1882.01
4364.97
9586.37
9189.3
7648.71
6990.75
1211.43
6857.86
3838.32
7742.73
9430.51
9162.73
8619.17
2035.48
7936.57
5480.42
2972.88
9049.32
9096.43
8739.79
4981.44
5762
1627.57
2739.11
8645.79
4923.99
4636.62
8489.42
4959.77
2910.53
1804.21
6841.78
7275.5
1390.58
6031.09
4924.22
8381.34
7242.52
1782.08
2219.66
4985.25
1212.59
1382.38
3604.43
3248.07
9318.95
9084.85
6220.95
8368.28
8181.28
4960.74
3349.72
3943.27
6588.31
6088.83
2589.06
1512.3
725.45
1078.48
6472.07
3635.98
2882.7
3313.86
911.486
4273.28
9344.95
5835.7
2654.61
6587.47
7617.78
4874.27
1572.72
8830.37
6256.65
5177.15
2078.44
5575.61
4261.99
8299.39
3943.88
2443.27
3260.13
7293.6
6386.54
9848.45
3382.43
8975.6
1360.75
4107.88
54.0855
7832.82
7743.86
2936.78
1146.68
8655.35
7210.06
491.625
4491.05
9864.67
7079.09
2108.83
4738.94
8651.81
939.195
995.593
3828.96
3017.63
6571.2
8090.95
1317.02
515.083
534.223
4577.16
7808.68
6920.76
4425.6
1191.11
5896.37
5786.35
5298.99
5950.45
3619.17
3042.85
8887.23
4765.85
1698.2
6097.29
5257.47
6189.25
5961.96
2336.56
8298.08
700.902
988.374
9237.28
1696.5
4817.33
2254.91
8267.69
2908.29
3571.93
8782.78
3442.51
8149.09
6591.46
363.274
2574.69
7782.57
6259.64
8361.04
3081.57
2210.09
1980.21
6124.42
1097.33
6746.05
7822.62
7194.62
2003.52
4011.88
3156.58
4340.09
2309.96
3857.48
5328.46
1547.24
5553.98
145.793
3802.15
3821.67
3054.08
7374.08
2604.45
6496.59
5523.16
9195.91
6859.86
8097.85
6978.48
3119.5
6458.89
60.0477
5329.6
8439.1
6184.47
6426.93
5185.15
4007.09
3621.54
7188.67
8018.97
6778.12
1528.76
328.927
635.606
6857.22
1876.16
6189.58
7003.01
5678.31
11.2548
57.0914
3052.39
2615.7
6553.68
8575.55
1811.61
3413.54
6673.41
8790.09
6533.05
3132.3
8850.14
1862.65
1571.39
5034.61
8289.57
6756.54
9041.7
1911.12
3945.21
7060.67
8689.24
5473.97
7389.59
9324.85
2331.19
9265.76
5514.43
9334.2
4944.07
5525.68
9391.29
7996.46
8141.39
5944.97
6572.01
9953
9358.52
3245.41
8743.09
5891.57
6377.71
7593.24
7754.21
7949.1
2627.85
6043.79
4705.64
1669.55
7954.9
8650.86
8730.21
6644.14
4124.83
6119.81
5968.99
6456.01
5385.57
1483.42
5790.22
329.634
7009.1
5181.51
8326.09
5150.49
1126.48
4898.1
5103.49
484.997
8143.51
3846.58
6376.56
4521.22
1439.82
4130.78
2470.33
4067.67
174.566
7175.97
5737.21
8129.47
5826.82
4467.43
4773.61
9951.65
587.232
742.604
6407.66
5972.8
2226.02
2197.88
6302.43
9235.13
7379.39
4628.52
4385.62
8505.86
9526.62
9489.11
8990.86
7670.14
3335.69
5367.42
2191.36
4775.51
9498.2
4661.69
8843.18
9672.77
1837.65
4580.39
7802.24
7664.48
9047.82
2575.85
7616.12
9635.05
3318.46
4023.79
5607.85
5544.48
6221.67
1910.28
4779.61
3601.05
6538.8
9165.23
2106.92
6065.42
8654.34
1097.78
3735.56
1990.03
6465.2
5926.92
6765.54
5963.41
588.605
5608.72
5636.17
2426.26
189.108
3438.41
90.7344
9236.92
6014.27
7706.86
8871.97
9332.73
1730.65
4479.82
4877.21
7952.31
6390.09
9656.82
1553.36
2928.89
8822.04
3660.28
8994.31
7476.38
4758.06
2729.87
9466.4
1223.26
8656.79
6231.94
7186.66
9245.4
1840.66
2822.84
1671.65
2029.77
6261.25
1762.39
1266.69
2275.52
9469.25
138.663
1608.24
1199.89
4618.48
6485.45
9152.21
1008.57
6142.27
705.57
3937.46
4964.31
4365.85
2931.77
2440.69
9123.91
5661.64
1907.09
347.164
4318.44
8139.04
7533.83
3563.83
9979.7
356.664
5235.48
2009.47
6617.92
6997.87
3276.16
8893.43
6467.12
3414.82
501.679
7667.01
8033.3
6987.13
6819.22
9041.87
3129.4
7524.79
2979.33
8093.71
1890.64
5911.11
534.394
1014.54
1572.75
2441.49
1361.71
5891.19
580.523
8895.53
9455.02
560.222
9252.2
4690.5
2569.69
5870.11
1688.37
5845.85
4763.55
8155.49
9260.68
5265.23
5822.5
7293.98
2252.36
2641.72
6335.85
5381.75
166.506
9315.18
3475.46
2057.14
5226.29
4009.85
3071.68
6799.04
6451.34
4433.39
2690.22
7031.86
3328.92
2145.24
7592.08
2581.12
6835.74
161.775
8451.23
8524.11
6007.63
3214.78
6679.6
5268.3
8480
2502.1
2562.28
732.357
5143.82
8898.13
6114.11
5310.33
8213.31
9589.57
7367.47
3439.59
3599.42
439.153
238.632
50.762
4872.54
2928.86
7082.62
8201.46
5074.1
4674.71
782.579
1909.84
4836.48
9233.81
433.947
844.11
2448.58
7113.55
6112.41
928.584
9615.65
8674.69
1660.94
4759.47
7572.82
7775.05
69.8012
5786.13
7364.62
7437.27
9225.72
964.041
7876.42
9464.35
1014.8
2748.97
2393.21
8097.43
950.427
7467.3
2772.14
1733.01
9377.14
7608.62
966.814
9811.09
8452.73
3415.4
6924.63
4565.14
4343.98
6540.29
3239.83
6004.92
1299.76
812.65
3779.97
1369.56
6598.78
1144.59
8806.83
5824.5
2108.63
6683.26
5288.85
3123.43
9432.22
7682.06
1220.86
382.648
5149.36
3993
2115.65
4526.5
1601.62
3082.47
4337.58
54.3489
6497.87
1262.22
4619.49
841.846
7802.51
7859.32
6846.77
9102.27
8671.97
626.739
471.826
5270.75
1771.33
9278.66
1095.25
3879.96
5961.91
6384.09
7003.4
5394.13
4066.15
8224.26
5776.78
9215.51
2217.26
7892.44
3742.01
3818.88
974.906
8079.59
3873.23
7472.77
9341.81
8492.72
8314.62
7144.32
6352.04
5161.39
6246.58
5024.01
5788.13
6718.41
294.762
7559.45
5997.07
1390.01
1439.42
1958.98
7774.1
8442.81
7353.11
1840.25
6667.07
3129.9
1055.76
8884.33
1022.33
4797.77
2703.21
1997.24
2877.36
6576.43
9470.01
2219.18
5069.15
7784.63
9363.49
1421.19
2946.01
5610.07
6445.2
8734.14
2328.48
6739.96
6293.59
8325.55
8129.97
7733.01
284.525
5904.07
6175.82
7637.64
7744.32
2842.89
767.534
8800.09
1727.22
1789.87
3597.86
4430.43
3787.1
6475.22
1006.86
3257.11
8694.4
6076
1041.74
8057.89
7497.19
3987.75
3667.96
3942.39
2721.89
5996.44
682.348
9015.49
4321.99
8812.32
6748.5
4606.52
4716.39
2924.32
2244.15
2460.71
5767.21
3011.69
1260.8
7494.43
4801.56
4858.66
1924.86
8588.66
1333.88
2931.71
1845.77
28.2779
9007.72
2887.52
8086.17
6504.91
6875.27
1754.13
447.295
9597.16
7750.58
1129.64
8612.65
2072.57
9941.96
5361.15
6679.08
4658.35
8285.46
8923.24
7119.06
4052.67
1934.93
8379.86
1547.11
6736.48
3238.52
3471.96
5325.14
4572.4
6403.68
7170.92
4600.67
5411.4
58.4319
2686.84
1916.3
6933.7
4440.97
2363.6
6530.87
2191.55
3493.24
5143.52
4264.12
3435.2
504.663
943.199
8093.55
8790.13
9866.44
5212.61
2842.8
1801.36
3592.47
4389.9
8537.85
6830.98
7861.87
3862.99
1403.38
4265.55
1033.9
6004.05
9676.94
1092.33
8690.9
1593.24
8026.04
3131.87
3956.84
4556.9
5323.42
7450.08
9700.42
9587.53
885.283
205.084
530.733
8978.83
8995.21
397.17
4191.44
1838.01
2198.53
7783.91
6227.91
736.379
4614.89
4089.78
4599.37
6018.27
8355.33
5633.27
2022.32
8032.27
6725.6
713.22
9625.51
4751.64
3845.09
3582.35
9308.54
9168.51
1032.44
9008.96
8756.04
1917.72
9214.05
9286.78
896.55
8209.26
9683.95
5087.99
47.2651
1882.48
2871.89
6275.18
2618.86
7486.78
364.959
7218.22
3505.05
8720.28
2851.49
5527.38
6752.55
9577.09
6240.6
6378.06
4328.73
85.6861
9960.42
3637.27
9254.2
992.851
2646.24
8010.24
2910.57
1860.29
7297.02
3807.12
69.5418
6980.96
8895.11
116.807
8863.44
1767
6391.99
1482.3
9253.79
6756.94
8700.53
2758.84
5477.23
1552.02
8286.22
2229.78
1129.11
4526.81
8607.84
5457.84
4612.5
8568.26
9095.12
3866.69
9561.11
1741.36
1876.93
2471.68
3601.64
9173.95
6278.8
3671.18
6154.91
5173.91
3787.99
5018.35
6940.91
179.977
6500.66
6194.7
6936.92
5201.18
8953.54
2414.15
6753.2
7239.75
4643.93
7882.31
1766.56
3251.77
3340.16
6379.06
1820.03
2435.28
245.755
1381.14
4176.63
2122.69
3852.82
7778.28
1296.63
131.615
1449.46
7451.54
5305.52
5237.45
2469.9
2246.43
5417.43
8970.55
8441.13
2354.35
4171.74
7394.67
4768.5
924.937
4634.42
9412.43
8807.25
6400.98
2664.2
2147.41
2780.05
4484.23
4582.69
3025.8
5865.37
8759.32
5148.49
9718.18
6537.6
6445.12
9849.8
7987.06
3896.67
5155.32
3224.51
6366.56
7401.75
8641.94
5337.12
5842.88
996.293
9508.85
3237.55
5764.79
433.79
7871.97
5177.22
9241.04
4272.95
7841.42
1388.45
7053
2325.65
5971.14
78.8008
8191.02
4730.45
5227.29
7909.2
1268.05
1672.41
7758.99
9255.11
5569.08
2914.31
2479.62
1935.64
316.064
1121.57
7272.76
6158.94
2117.86
6781.61
9396.49
7882.65
7215.4
7268.46
3059.87
6456.44
1541.41
901.297
7844.89
8594.41
3226.95
3816.03
8673.21
1417.96
8546.48
3900.5
9327.16
9814.53
5572.91
7086.16
9069.64
1141.99
0.468777
1549.27
3077.63
316.532
2670.83
350.389
6475.48
4788.69
7132
5871.97
2671.34
4347.4
3140.43
5731.22
803.84
4681.85
6632.52
8648.73
3276.26
9859.46
2464.76
1949.48
1277.43
1011.24
5849.98
604.589
825.77
1422.89
7690.74
9895.41
2564.89
7691.21
1444.68
5642.52
8007.75
4115.51
5992.91
4483.22
8904.2
3124.91
355.193
1575.55
7472.31
3495.62
7306.77
8276.15
8177.47
3939.28
6924.88
1453.73
3798.74
9389.63
3403.21
5076.17
400.871
9253.18
5680.76
1226.64
676.078
3371.5
1122.05
3240.96
1062.72
2566.73
8883.48
9070.46
6682.24
4876.39
3553.69
5586.45
8001.29
3908.88
7161.99
5473.6
7404.5
4468.76
3749.75
5581.98
8408.04
674.623
7035.71
2206.79
64.256
438.913
7282.96
465.127
9692.1
2963.72
1691.77
368.176
6335.22
2813.82
3609.14
7397.94
5380.55
2492.62
6468.4
2062.8
7369.01
22.0922
7649.25
5370.3
3930.97
4811.24
843.902
1335.48
9280
4593.65
6917.45
7688.04
5268.27
3953.16
9894.83
5332.53
4392.07
7177.78
5797.65
4084.17
141.502
7489.42
4452.35
6476.72
303.24
8061.49
3874.66
5683.79
554.106
343.068
7746.59
7923.11
365.16
5395.84
3293.42
4296.13
207.081
4137.32
5631.61
9487.08
8730.97
2549.06
7175.12
3999.24
6502.22
7069.95
9331.76
894.297
4247.74
5129.41
4978.47
4389.24
2618.83
9430.81
865.962
2922.07
7492.3
4740.63
8605.87
8046.41
5083.69
6352.46
5969.52
5448.85
1748.3
9262.94
9744.99
1955.38
3400.26
5376.6
1442.46
2131.22
7925.66
8617.59
6130.46
4427.89
5687.54
5462.22
5322.18
9935.28
591.633
300.651
4324.52
3210.47
9731.47
5190.48
6132.54
7223.77
9931.1
4738.41
5270.17
5014.8
1090.87
1239.69
463.652
2839.17
502.633
208.639
4794.55
3902.89
5585.24
6237.01
6034.11
3510.9
4854.6
2164.57
7938.79
542.14
7626.79
3260.97
477.418
8218.42
3561.62
4801.93
1428.89
3293.09
9992.41
7561.43
516.852
9923.52
2299.84
5787.02
4938.31
3390.71
7026.72
5401.97
6229.88
7529.35
5610.6
1024.43
1432.24
1195.84
7261.44
7466.35
4706.74
2116.04
9630.92
2645.53
2658.18
7257.71
5906.49
3135.6
5476.13
9468.11
7937.53
6905.02
2761.2
7929.95
4466.45
3278.05
7853.46
6766.28
9065.08
2791.78
156.992
6091.79
8193.74
6386.87
3621.15
3804.34
7411.3
5053.39
5000.19
4672.74
2519.74
9706.93
6788.78
2150.66
2352.45
9446.97
9408.37
8258.95
2582.57
4884.5
7727.06
520.103
1789.52
488.258
8450.05
6255.96
3766.31
6303.51
3022.25
2831.38
9095.29
3179.24
8923.18
7289.03
9566.11
2544.32
1093.37
6977.41
7597.71
6093.56
1650.15
117.453
5800.48
8438.94
2268.11
8152.94
7885.9
1676.48
6411.88
468.473
6560.98
4138.94
988.576
8350.5
4627.2
9438.63
4606.46
8393.51
5742.14
7628.71
1224.89
4837.42
807.953
148.069
2126.45
374.063
2692.39
3219.82
7351.47
290.106
9313.38
9001.63
407.559
5113.86
7440.56
2675.67
3266.8
5326.47
4352.16
9678.68
5794.94
913.142
3817.62
6783.51
9263.64
8444.82
6222.14
3870.11
6838.33
1964.28
1498.82
8063.22
6801.7
2306.77
8211.29
8928.15
2680.84
903.681
2147.97
32.3105
1193.79
1461.35
9033.94
1601.35
6575.22
6474.5
4277.02
9842.02
1800.96
8629.18
9520.7
7595.9
9542.32
3338.32
4379.42
8805.96
1783.14
601.557
2676.07
8621.47
2565.83
4174.89
6684.69
9367.54
6481.67
4895.97
8295.69
9162.5
5799.65
443.661
9194.81
6993.44
1905.01
8228.75
8594.79
8480.23
4703.25
2871.81
8322.25
6504.21
1500.99
7842.95
4100.11
1043.31
1181.26
8479.53
9849.27
2964.4
9081.09
2525.35
1585.87
1646.92
6700.24
8270.56
1014.46
3181.91
3166.53
9310.14
2344.41
8966.18
9753.8
1539.23
5959.63
1658.82
9767.98
4554.42
139.049
4471.23
7426.23
8461.3
975.437
8927.21
6304.24
5075.55
9970.52
7485.51
3555.08
9819.8
449.91
2636.17
2345.14
2035.78
4283.09
9045.39
306.337
5297.54
2227.29
3472.87
4607.68
4571.71
2439.05
4361.49
6110.93
8398.68
6020.3
5878.91
2953.09
6159.35
350.138
379.32
4620.65
1325.58
9306.53
924.893
6401.13
9277.06
8410.4
9956.2
9096.86
8860.31
2592.37
1442
896.09
6875.46
487.385
1202.43
2173
2714.68
4675.29
6780.68
7286.38
7114.34
1142.16
3397.32
5513.02
7162.47
9276.23
8466.11
3321.82
9626.37
8845.43
7942.47
951.945
8151.97
8867.36
7353.07
7429.03
7277.76
7309.28
6525.88
6138.07
9901.65
7967.88
7034.16
6777.1
8455.27
8236.59
8950.1
1169.95
2911.88
5730.77
8456.33
26.2258
6872.94
1853.65
5539.25
4035.41
1129.88
4005.36
7357.23
756.249
2850.8
5299.7
1708.19
1002.76
4167.06
9061.26
8431.79
1444.82
6370.54
4957.67
7582.9
6272.19
2925.55
4617.06
3049.29
1380.82
2853.65
1999.38
2550.76
5765.53
7730.16
1007.09
5791.76
4603.09
2860.74
1331
8638.5
3990.62
5336.36
5995.73
4746.87
8187.16
1295.42
6455.06
9189.92
5462.48
5516.33
7621.71
6907.31
1886.87
2579.39
4490.2
8159.05
5504.94
9107.26
1208.34
6885.76
1960.91
3207.72
9436.52
7726.44
937.877
443.619
3518.19
5540.97
3304.36
4849.19
4179.47
7294.99
185.558
175.198
2041.86
8372.72
1470.62
8496.92
7562.64
6933.11
4013.25
5184.36
3840.41
5900.12
7763.74
8330.62
4059.17
3268.68
7437.88
5267.51
154.439
9398.79
8475.23
9590.96
7125.22
9413.11
34.5808
643.416
4954.08
3338.94
5492.61
9133.55
633.928
5678.17
9308.75
2675.78
4050.89
779.371
1172.71
1613.53
7712.48
5185.96
6797.88
1552.89
1086.08
4561.62
9883.51
5145.25
7830.3
7321.38
412.76
7984.74
6720.17
8887.99
7575.71
3845.39
8301.1
7610.29
4488.81
3255.18
949.23
9981.42
2388.73
1583.16
5659.59
1697.48
4258.94
9710.47
2476.85
5431.65
1324
189.329
617.606
8121.89
1742.22
1703.68
2683.51
1625.72
6848.93
513.816
8947.11
7261.69
8498.56
5667.28
6149.68
6074.27
9512.67
4450.79
3684.55
4001.48
7705.97
4633.78
3982.9
94.7013
6216.94
9642.48
1792.18
475.882
9352.96
4269.04
5907.53
676.96
4458.36
6525.14
8798.85
6200.58
8228.82
1482.36
7826.31
5077.75
1996.17
6773.42
2339.44
494.732
2440.69
8489.12
6569
1953.36
2939.91
253.549
5954.84
645.876
4887.33
9937.74
740.577
1104.27
9580.22
2532.76
1580.15
8933.18
6801.8
7487.68
9610.14
1260.16
4012.82
8408.99
7460.75
2241.64
9891.34
5287.05
7319.38
1887.52
2060.47
9658.82
2382.25
4501.17
8147.94
8951.25
6454.53
1087.85
9204.8
2409.37
1733.73
4092.13
2347.11
2474.31
5196.4
1927.34
5007.07
6776.55
860.517
1808.86
4264.23
470.658
3069.02
8277.05
8879.65
529.768
518.689
8770.99
5816.82
7838.07
658.506
7877.29
7496.9
3040.75
2378.46
5644.84
1992
8832.99
6732.69
1196.79
1242.36
8466.42
5288.92
3589.48
940.727
485.317
5516.81
5947.79
7261.87
6377.33
7756.65
1526.1
6847.99
825.677
9803.15
5727.63
1355.45
321.839
4498.62
7172.27
8159.91
5157.13
5049.56
5656.81
8197.88
7428.02
1301.65
189.879
6261.01
8034.34
1386.67
7503.37
6500.77
6675.59
1092.85
7441.49
7160.91
6609.66
3389.29
4422.78
2986.98
1145.94
5948.88
9834.97
1971.62
5752.03
5562.6
3327.06
6073.87
61.2195
499.329
4233.78
5218.34
5548.89
9890.59
3416.22
2976.91
1192.24
3606.1
9237.92
9226.58
4992.78
6741.29
5727.35
1668.37
7834.13
3168.84
8829.28
4443.79
6558.13
3252.06
7430.78
7704.07
9200.94
7265.75
9675.68
4952.97
2828.35
3002.75
1026.83
2889.57
3502.07
5260.61
8107.91
9050.96
5151.2
1524.13
2027.87
6343.44
5130.24
1265.79
5570.02
123.013
8007.08
1297.37
1791.38
5841.21
4466.22
620.666
285.004
1024.34
3872.73
7715.78
8728.41
3073.66
4981.53
8404.09
8026.63
7809.87
1406.84
9053.46
699.438
4908.91
4314.07
8807.35
3959.88
9465.27
331.482
5987.75
5808.72
5461.72
7253.54
1378.74
5584.73
5260.62
2676.11
7376.11
1101.83
7142.33
7996.78
1386.84
8166.67
1869.51
9102.62
6895.09
4943.17
4084.14
5299.18
2969.8
1894.01
6706.02
2023.26
2593.45
1614.94
6337.34
1400.8
5574.81
5802.61
1732.28
1562.57
1611.33
7194
8816.11
2990.07
2778.73
4076.73
5666.18
154.844
5178.56
2808.51
8151.62
6565.4
975.185
21.1305
5668.01
7870.27
4964.3
9752.15
3169.45
7934.1
1646.17
9875.47
9957.37
4239.62
1490.41
6294.71
5640.42
7065.22
2097.32
7372.7
8627.79
3708.65
4566.7
7443.9
6698.71
7345.43
1520.62
2364.9
7500.27
6699.18
5173.41
5651.89
3264.58
6148.59
5673.02
8932.59
4018.86
637.327
8684.74
7188.31
8571.43
330.907
7063.78
8528.8
4570.52
8554.19
4823.5
210.94
5619.41
6920.82
7583.64
4247.2
629.468
2150.33
1691.09
7328.18
9495.76
3211.72
9693.08
6996.03
9910.9
4866.48
2647.93
3175.48
1015.07
8320.95
2108.06
5033.94
8958.28
792.805
2222.25
7529.71
1123.71
9286.03
6058.5
5694.24
7840.22
882.007
5905.18
3459.63
7802.83
3488.81
7706.82
8432.3
5639.15
9397.91
5760.48
5134.91
2609.63
5453.56
2130.94
2520.53
320.041
4778.87
5696
1335.12
3099.82
7804.07
6369.05
2058.09
8596.87
8591.3
9587.8
9720.59
7877.33
5646.3
5414.82
5717.55
6528.31
1320
9177.17
4331.14
4808.81
6883.99
2763.44
447.959
6281.91
8523.91
5582.87
8891.54
3977.47
7713.81
1412.07
4297.51
2492.67
7108.07
5632.63
5592.49
4912.14
2001.68
7650.58
3509.01
592.977
7238.38
3229.6
8470.31
2884.68
8644.42
4187.85
9412.99
9964.42
3365.02
3744.13
4773.23
249.018
6507.57
5221.19
6530.93
5031.48
804.055
5422.47
9008.95
8517.86
6834.53
3306.47
1010.54
3942.6
8939.09
6603.02
8854.74
940.773
4253.61
2363.75
1533.75
1491.99
5593.35
4.05591
4376.67
4237.77
4191.91
3789.66
4202.18
7556.93
7533.79
8975.41
7805.95
4041.36
4196.6
4336.87
9072.84
5000.65
9759.34
8081.79
3518.51
6593.87
1388.26
4529.05
536.473
327.351
1132.07
9391.21
1268.12
5385.68
1754.96
2801.88
6877.66
7348.31
2805.93
1254.33
1586.07
6997.84
5043.99
5788.25
4554.77
2577.78
4763.66
2360.71
6619.14
8960.26
6697.59
5691.98
3960.91
6456.93
3773.77
7479.42
3050.8
5162.03
2008.47
3587.27
5489.38
3140.54
2978.49
6757.5
8526.22
4733.45
9559.38
5403.89
2081.75
2365.31
6658.22
3667.83
9363.15
1702.21
9456.08
3917.92
4279.99
4219.75
6278.63
899.137
3180
2976.22
6591.12
7140.91
9433.15
364.889
4620.33
2483.95
5526.92
6628.8
6071.22
1016.3
9769.35
9049.71
7773.8
8295.57
3783.16
7333.18
3699.46
5864.91
9698.49
357.674
9532.74
9061.64
2059.89
8988.82
2979.56
6339.88
3208.57
9258.19
7239.02
6388.57
2234.41
3830.13
3529.48
1667.55
4195.02
8149.82
4151.5
9721.94
4778.62
222.729
738.238
4547.97
9272.44
8512.04
2843.54
3055.6
5845.22
6542.99
8920.51
5543.71
6900.67
8453.25
4605.35
8960.55
7442.07
7584.91
5300.43
650.635
6843.1
2539.45
7039.21
9077.5
6369.59
568.69
745.054
564.608
8718.51
4896.56
286.548
3497.13
5119.29
1024.79
8045.1
4391.73
9536.83
888.636
7447.32
5382.05
7431.63
6367.83
925.76
4332.3
4821.07
5531.11
3292.85
2263.14
3116.02
8593.29
2913.78
9959.12
1132.74
9952.98
9036.62
7502.32
521.674
9781.67
8066.93
9240.18
4678.23
8353.48
2737.31
9797.52
9378.26
782.409
4189.25
8915.09
1671.04
1636.57
4297.14
9102.67
8004.4
5222.9
3434.97
2825.47
754.011
6727.82
5088.61
3870.03
5321.11
8002.39
3829.15
6453.85
7955.37
2865.77
3956.17
8477.05
2647.45
2023.1
7717.23
7325.68
376.578
454.541
7123.2
9754.84
1236.95
1312.44
8669.93
2907.99
2949.01
2967.07
2010.67
953.408
8189.96
5445.64
3778.88
8943.97
2173.46
8867.49
2814.01
7494.57
6869.88
6643.16
3948.42
4825.25
9508.93
7904.58
3302.3
2156.38
9927.68
1019.53
9482.06
304.262
1474.07
6605.26
59.1033
2711.02
7917.7
8729.03
5619.02
866.714
1696.1
7629.68
1820.12
9886.06
3075.32
5599
8830.04
5248.78
4466.49
1644.05
2743.35
1336.37
8287.21
6691.77
6161.63
7796.15
4596.35
9463.93
9952.53
4524.04
483.46
9434.59
4828.3
1957.53
6039.84
4887.4
4668.55
3957.54
3616.44
287.57
4824.26
5312.54
7917.25
6644.38
5198.6
992.575
2243.38
4028.64
6241.36
6709.87
5672.69
8984.71
8046.25
3959.9
5676.48
4207.87
1756.05
272.838
3671.8
1708.57
4796.88
4155.26
1143.16
9625.18
6112.79
7183
4512.58
781.347
1140.54
8129.02
1068.92
5964.8
3441.56
8986.17
2609.18
8640.16
9978.75
4852.57
2668.8
6220.11
1562.44
8341.49
5204.82
9608.68
2301.39
881.301
3816.56
4057.44
1154.14
7488.36
5766.01
5951.02
1643.62
6909.17
5576.19
7756.41
4092.17
88.7705
8537.76
5232.71
8217.79
9606.68
1197.52
1659.34
8592.85
3806.7
299.502
8571.59
8659.27
2968.3
4791.7
221.705
1309.79
9996.52
9830.39
3611.19
877.818
3646.95
7668.62
2031.96
1135.3
3434.64
7982.97
2778.92
343.803
3559.16
535.336
4435.97
3647.93
9073.1
9668.68
1865.72
8679.77
866.2
3525.06
7272.62
4672.9
3824.57
5844.21
3332.17
6792.87
635.912
3553.87
8102.66
632.429
3384.26
1713.85
1510.25
7031.21
9382.47
3542.21
8166.51
2817.11
1525.18
945.434
3160.91
5084.34
1480.77
7596.88
8732.28
553.866
7265.57
597.998
9233.64
8131.77
4123.06
6506.26
2804.67
7947.63
2350.47
6136.83
4740.5
2986.39
9690.7
2843.16
3618.81
3074.96
4557.01
5129.06
106.171
3939.48
8671.27
8272.68
6756.59
196.445
9218.12
9917.51
5280.79
698.885
7514.39
4013.06
1252.75
4779.96
4611.06
486.39
2911.73
8734.12
6992.65
5716.39
6681.75
9343.12
1853.23
1422.25
2329.51
1543.93
4265.41
5948.32
4618.9
8822.42
1077.38
4725.07
2761.9
9748.65
2997.75
9518.5
9945.1
2215.87
9436.01
5225.88
2914.75
6950.4
9238.95
4167.5
1730.36
3850.01
4653.89
4642.08
2584.13
1646.54
358.477
9265.89
989.663
2211.71
688.135
3319.17
3755.64
4953.55
9267.49
8374.54
3775.97
344.874
3099.61
6537.87
93.5241
6097.36
6056.37
38.6199
8313.23
5492.38
5264.5
1227.98
2442.77
4503.45
5395.49
4173.13
8353.46
49.3794
8815.21
937.589
1695.92
9173.69
203.474
2685.58
1385.39
891.61
6004.75
5141.03
5845.16
5272.24
3515.57
9621.12
5617.12
6615.18
6158.99
5710.64
2712.54
2215.36
5749.26
1025.77
7707.74
1013.77
2253.75
150.51
5517.21
7649.24
4323.64
3870.67
7698.62
3138.85
4808.26
9394.54
2312.53
5011.74
2080.12
3697.93
5903.34
8084.88
8838.96
1748.5
3357.12
2354.53
1369.62
8974.24
8969.71
7528.61
4684.88
1682.25
9743.98
434.146
2708.03
7451.72
1447.91
4961.78
7602.23
6965.13
2611.02
1925.86
835.797
309.635
5064.71
5644.06
9704.17
7377.25
655.793
1784.3
1075.17
6559.14
9869.18
9914.13
8307.64
3226.3
2268.66
9677.26
2200.54
1238.38
7205.87
6885.42
2920.63
6949.85
7319.57
5628.66
4401.57
8767.48
590.435
2003.79
5732.61
3201.45
3929.65
6568.4
3511.09
8994.37
2212.46
3215.26
6371.61
2868.25
4999.56
7446.78
9427.39
4868.73
7360.92
7735.03
8095.03
9629.58
7412.29
295.571
867.955
4618.16
7180.99
3788.59
1568.01
4500.56
9417.24
5969.58
3268.04
7.67693
7973.37
9000.65
3209.13
1903.03
5569.05
6720.21
897.392
7781.52
9935.47
7269
649.769
4935.03
4715.79
77.1607
9803.76
2076.7
7812.19
7898.79
1706.28
5224.48
8194.37
2574.23
9842.64
5375.36
6362.82
1410.65
9875.92
5780.06
7380.23
3143.97
5787.74
5353.6
2144.62
8996.87
7256.63
7713.67
5717.08
8154.02
5495.19
5652.56
5423.03
6144.96
587.587
138.811
6222.12
391.351
2215.51
4034.31
8290.15
3921.79
9258.78
6484.51
6496.03
9101.42
1859.87
2858.85
512.077
1735.79
8638.91
7892.31
4879.76
4426.65
3245.91
7024.37
3423.52
502.544
4738.05
9140.6
8656.57
233.231
4793.15
4079.59
6378.19
5380.74
4218.4
2600.3
5772.09
6433.91
6634.61
4062.24
355.706
5893.39
546.747
6851.73
4994.81
2406.62
9710.58
5506.89
4142.41
8349.49
3399.2
9022.17
2776.14
6645.11
6046.54
6199.65
7147.66
784.585
5340.25
5804.22
1017.82
133.406
9883.82
7396
5514.15
4102.22
9996.3
1286.24
536.133
6630.91
5348.48
891.839
2524.3
5895.22
7743.57
7519.12
8301.84
7454.15
3026.01
2444.25
5803.64
6425.21
1466.41
8579.78
3070.32
7512.95
4779.43
217.983
8297.54
119.682
6022.21
9315.35
253.088
5906.02
6711.35
5767.24
8.24207
6707.66
7053.47
544.375
3338.57
2401.95
1436.21
5862.88
8297.17
9179.79
3381.99
6599.01
6633.94
6408
9043.26
2437.58
2833.21
509.667
1017.35
5903.54
8022.62
5796.78
6121.52
6320.15
5916.47
2143.73
5635.5
6169.55
8049.75
2346.86
1936.79
8057.99
9054.52
8990.26
8602.37
2393.09
1392.21
38.5829
8255.96
9689.39
9218.37
1637.96
6288.4
5852.3
8045.96
5331.65
8289.88
879.172
5841.32
9307.23
6782.71
3863.94
5104.02
2904.23
184.091
1020.48
5047.96
5819.6
7190.04
3097.71
8166.45
9126.83
1155.71
7220.97
8117.09
9758.07
9614.06
9509.3
9796.66
7870.03
9198.69
9015.03
9507.98
5487.08
4867.33
7553.94
818.735
3157.21
8433.12
6660.05
2464.45
5215.83
523.992
7568.46
8120.06
708.083
8588.95
3168.02
6527.68
5778.98
6265.73
4694.13
4905.81
7421.43
1915.11
3022.9
7179.51
1529.17
2532.2
6976.16
9399.2
1730.89
5991.19
8907.18
7217.97
858.521
6461.13
8036.7
4015.73
4894.24
4696.76
6480.18
110.069
5220.75
4048.64
8230.13
5928.83
2637.59
1398.14
2456.51
8416.57
7663.87
7150.65
3322.38
5085.3
9065.75
6345.28
2264.81
594.924
8877.48
9240.97
9994.12
608.362
5232.16
8901.3
7826.33
6090.68
5362.43
5863.03
106.416
256.669
559.791
6586.59
366.738
5780.54
635.237
8596.86
1709.37
3272.83
9995
4165.89
1689.4
7658.87
1316.53
5011.78
2744.17
382.287
1357.05
5008.98
977.211
234.531
4249.95
971.331
842.894
9482.11
9872.63
8669.22
5572.79
5235.06
4532.26
5679.21
5491.73
5092.05
2265.8
5858.46
872.588
2901.04
4455.33
2581.96
6173.87
4450.33
6747.85
7863.26
2109.2
8064.38
2875.04
4853.37
8446.67
4232.09
9862.35
9423.88
4466.62
4112.3
395.21
5309.52
3594.41
267.842
3978.74
9167.2
5502.9
8511
4846.41
994.628
3603.05
7112.22
6853.09
4475.64
13.2573
1308.42
7057.6
6187.12
5758.75
3805.44
4050.38
7867.96
1869.83
6925.42
2721.33
316.495
1157.52
2583.68
9740.37
5624.14
6695.98
135.584
933.659
290.395
403.427
4912.4
9457.6
5906.33
3423.4
4304.01
6900.96
7026.45
1416.23
3754.05
1502.08
1429.49
5062.47
8559.68
7616.61
821.224
2365.12
1666.99
8689.18
4234.95
8592.42
1410.51
4551.45
9749.93
3994.2
4291.82
5374.07
690.179
4427.4
6307.73
980.574
4830.83
1220.13
438.174
737.159
4643.53
4742.19
7638.11
1669.98
6158.42
1392.16
3172.06
7587.9
6454.64
1731.74
5204.51
7275.86
4096.87
6871.51
5965.04
8331.82
5463.93
7375.55
2883.26
5213.86
1369.75
7175.08
587.931
2059.93
1602.48
6895.66
3040.5
6433.31
8115.79
3478.68
7170.47
2759.33
8220.86
4808.59
4429.31
4379.28
6200.75
7601.37
1967.19
2655.39
9333.11
7171.7
9931.25
3429.98
4043.21
5896.29
1761.79
9507.14
3271.84
4645.05
4720.99
4641.59
1820.14
5308.92
6701.52
3422.62
2204.59
9742.02
9855.93
320.382
3220.7
7026.41
3079.71
1441.56
1835
7509.02
5820.84
8035.75
5110.39
7788.03
691.138
4443.5
4959.73
622.386
7873.47
9002.94
6518.68
9635.27
8510.07
9790.52
4280.32
3231.07
4432.11
6100.46
8539.99
1133.63
9523.08
744.578
875.648
9379.01
1064.96
4096.35
6405.42
4144.67
5537.91
8240.41
1653.69
1358.75
6276.16
6764.07
9146.78
6967.3
1207.57
4106.51
7589.69
9081.04
3109.44
4108.36
8716.31
1619.52
3898.88
2996.63
4850.59
8330.99
9097.08
3390.58
9464.61
8620.16
4135.16
340.263
7999.17
5200.12
4436.61
4404.58
9344.78
9974.51
2645
998.469
1333.26
8921.16
7762.54
480.04
5888.46
8970.11
4586.55
3478.15
8051.15
7695.99
7586.51
6767.45
9315.51
1485.39
9764.08
4166.09
9816.37
8861.16
7556.67
9280.99
7481.31
1691.83
9621.25
5480.48
6891.94
4057.86
9885.06
6236.72
4032.38
2530.06
7235.19
5365.64
1451.22
4997.73
5845.68
7339.68
3967.84
432.225
817.827
2018.99
8128.21
8404.33
8786.44
7443.72
9889.72
8550.51
1609.82
9706.1
7411.67
9166.49
8987.09
4892.98
858.311
8608.34
373.466
7750.25
2666.2
258.531
3986.98
6698.57
2788.59
1222.17
2064.21
4239.81
6219.9
7909.89
1579.49
187.743
8342.12
2397.32
2206.73
6470.33
801.656
993.164
3914.05
691.378
9543.68
5523.87
397.475
6955.35
4690.35
9384.56
1848.33
5548.66
7992.9
2221.8
3298.92
659.098
2480.33
7285.89
7357.67
5268.92
8508.06
9421.88
9508.73
4727.96
7331.78
1088.23
4915.71
5673.89
3485.55
7122.44
2144.22
4287.2
8115.6
6058.27
4978.58
7659.28
1582.14
5376.06
4614.62
6272.5
4760.62
6462.95
1821.16
2753.52
8684.75
5120.08
3412.62
1165.08
2405.97
770.289
6434
914.027
192.173
5942.73
5641.99
7523.95
7030.96
557.698
3197.84
516.508
7680.13
5342.06
4803.71
5795.73
1400.33
9782.29
3455.01
2982.48
5158.35
8069.63
9254.97
9918.97
4532.59
1076.13
2672.49
3217.34
6196.21
6085.1
4382.42
8602.17
6855.39
816.417
9516.2
7047.57
6759.15
5158.19
4571.51
3790.11
5715.89
7769.35
4306.62
3396.02
3111.41
9110.33
9191.76
4511.75
8892.62
2646.76
7494.22
4050.98
716.397
6749.19
3969.95
5248.98
7825.33
6642.43
8466.32
4021.53
2727.54
2848.74
2623.71
9582.93
3665.16
2139.91
6630.49
424.307
7298.1
1202.01
4214.42
3013.99
8971.36
8521.04
6410.01
2082.78
7631.37
5601.76
6594.52
6523.99
8248.53
4088.75
574.968
8964.93
837.94
4544.91
4213.91
8663.27
1187.35
2680.23
2684.8
3914.88
5528.97
5308.51
3497.81
9194.13
7448.41
128.304
9618.43
4746.51
1330.31
3832.85
7760.5
301.674
2353.88
4170.51
2384.45
9985.25
9772.27
8978.97
6509.24
8020.8
3067.72
7084.21
6985.73
3905.66
1629.12
1199.64
2568.92
2816.47
3879.87
5253.73
6731.35
9408.84
562.232
229.16
8602.96
8010.65
357.464
8221.39
2757.16
1687.78
2054.24
517.661
1989.45
4408.13
4688.17
4373.9
4393.38
4460.45
3352.87
902.622
2481.25
6420.59
7986.83
9466.98
326.25
9615.96
666.617
2895.18
2432.43
4546.49
8148.9
9163.78
3955.32
8711.13
9392.94
2558.29
6721.78
9750.4
779.679
9478.94
1438.18
2833.92
9996.6
3427.63
7242.05
4684.77
7801.53
1635.43
9145.22
1154.4
2538.05
1626.47
7574.99
524.885
1093.45
7901.25
140.841
1760.06
796.42
2573.27
6306.55
8945.32
1737.04
261.872
7656.45
1129.98
2820.16
4378.23
880.377
3599.84
3857.17
2318.55
6433.76
3853.78
5746.18
3675.81
8538.55
3547.71
5311.24
7683.77
4702.11
7849.29
9310.24
2277.11
8374.17
403.683
178.355
8515.01
2163.75
974.775
1088.28
8470.3
9920.1
2825.32
8732.17
7576.55
3955.3
1552.33
1954.78
4835.68
5152.16
5811.96
7154.23
1585.92
9665.73
2900.41
5261.73
8204.28
6448.12
572.967
5888.05
1150.24
8422.26
5198.28
3427.35
6796.43
5601.97
3605.7
5311.44
7765.71
4580.48
6399.73
6236.01
4500.57
9225.05
4968.18
2077.12
3180.35
6520.51
4031.91
8016.03
1672.67
9843.86
5170.26
3258.59
9509.59
8070.67
8520.32
7713.87
4518.79
9093.29
3601.92
5669.03
7515.54
8800.2
9096.38
4311.97
4402.17
2702.09
9623.42
2167.89
7282.56
6023.14
8403.9
1783.14
5248.19
3372.08
3860.26
8428.54
9892.58
7892.17
6444.57
1565.25
7736.03
1614.82
4823.84
7245.62
9685.49
3344.16
4959.49
4204.29
2437.45
8561.41
9873.32
9952.99
7361.62
8969.7
4264.96
1763.79
1671.79
3888.38
3931.68
8954.35
9911.52
2335.57
737.49
5159.71
5707.65
4597.75
3588.25
5600.23
2489.92
32.8197
7165.48
225.948
1647.64
1989.33
7471.57
1333.14
5333.48
2431.06
5537.43
7770.93
992.475
5410.75
7723.92
8354.09
4380.45
1988.87
117.881
6052.23
5877.25
4049.56
5006.59
5788.77
6385.13
5744.08
948.478
2092.78
341.828
4536.73
7693.01
2831.75
4569.55
4858.5
3057.7
6217.19
6847.82
529.265
7550.33
2181.31
2960.33
3087.76
9952.23
3952.8
8498.5
7676.15
2306.89
2878.95
9665.03
2424.77
8931.19
5542.28
6474.33
3937.77
1331.04
2859.46
9681.85
2279.52
4952.24
23.6773
6816.25
2645.25
2855.43
1385.8
7503.74
5913.12
7603
4351.57
6442.39
5153.33
6532.87
9402.71
8241.09
6485.11
3355.51
6739.59
4161.26
5662.41
9618.54
3826.28
8087.18
8549.73
9368.56
4561.51
2487.5
699.601
7420.97
2169.35
2979.12
2373.21
2193.03
9795.37
5018.46
5048.45
1181.18
2522.21
961.575
8784.17
6873.77
7403.96
3937.5
3406.64
6806.67
2178.58
9891.75
162.189
8918.17
4053.01
5824.6
8536.71
7879.29
3911.78
7086.44
7247.85
8473.3
9573.94
7947.45
5894.27
1743.3
926.569
8267.48
3936.32
721.944
3285.95
8984.78
1903.12
5808.15
9946.35
687.289
2681.92
7350.31
4624.79
6088.57
4156.99
6803.37
5980.32
4319.18
5721.54
33.3222
143.773
4258.26
7912.61
4055.55
1344.7
5160.45
2528.85
918.645
3107.9
8423.12
2661.94
4034.47
6690.6
6598.26
4756.41
9976.55
5583.04
6659.53
5784.7
5529.39
7346.82
8466.63
2879.7
1971.61
4555.19
7036.69
8774.98
535.511
1355.86
4496.52
568.833
1499.64
8754.78
8481.44
5555.19
99.4797
3641.9
8084.04
1018.12
6749.8
6507.16
3680.06
784.27
3197.76
278.327
5540.68
3174.31
5861.37
2200.22
8959.01
1390.76
9547.04
7425.64
4270.46
1518.65
1980.83
1307.15
293.628
2516.34
2663.01
4790.15
3085.17
4162.64
3544.93
1566.62
9717.83
3644.41
5208.52
7801.87
4662.53
1958.31
4309.03
8342.6
2742.58
7506.79
8620.92
8283.27
681.104
4482.29
483.486
9640.12
5873.05
30.5258
7065.75
143.505
1549.17
9046.58
1450.65
1842.8
1562.93
4113.66
6632.95
4648.1
8276.3
177.88
6214.72
7994.14
3822.29
1423.23
5796.01
8484.82
3381.55
105.039
6827.42
6124.13
7611.83
5448.34
4407.4
8292.94
9930.64
4890.89
7933.05
5803.68
4921.41
4998.81
5947.19
6470.59
4045.39
7397.84
8313.39
5608.31
1511.49
4946.34
256.415
9787.8
5124.22
6471.13
7781.93
8946.51
7894.37
3577.94
7431.33
1275.91
3682.98
4258.75
7400.05
1294.81
9707.1
1807.45
9587.75
9637.73
6698.33
7520.8
5441.42
1619.75
2519.61
1388.6
8090.34
6565
8786.44
6403.73
2173.31
297.934
1350.07
2429.73
85.7304
6474.29
8900.86
7867.66
5420.8
6795.23
1445.6
2852.13
8071.14
5128.58
7110.88
5471.19
6423.39
6817.98
7278.63
6011.14
6455.71
3976.97
3531.95
1897.13
5596.72
6051.56
3285.73
3687.05
2616.56
2072.17
90.7761
4789.87
2370.1
1440.84
7219.6
2455.83
7915.13
6120.46
323.497
3335.93
2915.69
1769.1
6188.06
986.827
6897.68
3298.94
6458.01
3321.07
116.926
3736.65
9332.21
6572.64
7713.61
2864.16
8469.77
3310.33
8915.72
1755.5
6997.38
1532.27
3827.67
7088.16
6322.14
6197.77
8529
3541.74
8653.61
6444.13
9662.2
8977.1
9780.06
2577.89
746.203
5968.12
3564.71
7643.88
9267.07
22.7268
964.953
9383.99
3759.37
297.167
5956.63
1472.99
3161.33
4426.4
4783.32
2077.04
6181.9
1780.7
3609.32
9.56713
8868.86
9931.46
6207.34
7397.86
3473.2
4860.95
3841.99
3135.4
3838.05
3622.05
5713.28
4584.26
9590.17
9278
2228.14
8857.23
9300.72
3193.09
8241.22
3060.1
3490.26
4197.85
4533.09
6651.59
8624.25
9316.4
8728.63
4806.15
1097.1
2337.95
4815.72
9965.96
2269.41
1023.06
7363.82
5742.6
5884.01
1205.8
8878
9722.06
4827.85
4591.28
4306.32
4418.02
3869.28
6534.45
3275.25
3170
9727.54
1516.47
6230.1
3217.8
5714.33
763.186
9869.39
4338.58
79.5897
8598.02
9144.73
1176.69
935.964
3960.45
1142.65
3205.37
4983.51
8506.47
8947.97
867.517
9712.27
7825.97
589.577
4540.12
2417.26
4895.89
8958.13
6286.54
1430.34
2233.38
9456.54
1157.89
3749.85
5686.65
4375.69
9464.18
6449.83
4245.07
3802.76
6529.42
2843.09
2947.49
7706.11
3779.05
6907.94
8848.77
6984.42
1891.45
7355.23
5932.4
2758.97
7067.5
3758.37
3348.54
1607.62
6175.63
8244.44
565.758
2462.17
9674.78
2799.14
1918.71
832.669
6548.99
7605.36
5208.36
6013.17
4055.19
9453.43
9815.93
584.611
2296.52
2763.43
8290.72
6075.57
9671.37
7139.49
3060
1562.82
4494.72
8992.39
4321.79
1562.23
2750.76
7670.33
3169.85
8926.39
5914.77
3735.61
1388.56
5589.55
6534.75
3307.28
6422.22
3083.74
912.634
1630.57
9096.92
4967.82
1084
8912.85
5552.43
3380.52
1676.28
3843.16
9456.1
1347.65
982.649
2516.09
2910.46
5477.37
1508.48
7232.25
7039.6
4259.25
4902.58
209.454
3185.64
817.345
3945.06
4574.2
6406.89
479.816
7881.48
2829.11
3563.56
8794.11
4459.68
2660.48
3761.93
5543.69
1573.33
9314.37
8924.21
3249.61
3157.53
8380.3
4597.26
4140.18
896.395
7507.72
9617.55
2404.88
4739.97
6657.15
6664.12
9642.55
6866.61
9849.76
459.892
811.671
4423.96
6866.78
1291.49
2305.44
9695.89
4855.05
1099.55
4155.58
7515.53
4861.48
9699.26
9088.86
4175.85
8623.47
2338.47
7333.38
7003.78
6935.72
1473.56
7900.17
4443.44
1091.11
305.051
9183.41
7748.26
6969.18
8825.96
4614.86
6818.94
9285.85
5426.54
1242.9
6152.63
6718.02
3548.34
5848.53
1573.07
4647.89
4.10601
9088.6
9509.37
9703.37
8177.45
3685.23
8326.84
515.924
1018.61
5330.62
7451.65
2492.16
3230.79
1895.09
3583.27
3535.84
1078.5
1331.53
505.019
9904.46
5946.39
7323.96
9190.31
1372.93
8566.86
5342.94
8090.95
2115.2
1191.47
9664.02
6763.09
1195.58
8752.61
6272.47
898.948
6930.07
9957.69
9225.79
7445.99
976.298
4556.41
4897.64
3468.46
7787.2
6792.73
7051.73
1323.05
7871.23
8383.25
1828.07
7775.7
4329.64
9152.02
6966
5702.57
7718.88
2308.95
3793.51
9834.08
3500.42
3457.53
6597.18
4696
2210.14
2869.64
5594.94
9140.21
2827.33
4820.73
6586.2
3803.63
9377.15
1483.84
7272.09
7164.35
8276.58
4323.82
8487.39
6147.81
2707.07
315.46
3923.51
7036.71
9467.48
889.511
2739.28
7186.36
3198.46
6532.8
7020.45
6698.88
9990.33
3617.62
1394.88
2200.47
6487.27
6989.82
1340.69
9314.6
1810.56
7926.89
3118.23
1187.7
9410.74
390.324
8352.05
7687.31
4714.14
6839.44
3835.12
7421.22
7154.9
7758.63
4457.93
6622.39
8648.14
7197.21
3808.75
1846.6
3730.01
829.198
8545.48
3720.34
4446.82
9940.35
5920.81
934.087
6930.17
7261.5
248.686
8740.73
5188.39
3366.92
9928.43
4599.13
3757.24
8280.48
2286.44
8471.39
5119.92
6121.56
5892.6
2274.83
3880.19
350.534
8897.21
2528.33
7547.75
2705.96
4374.93
1277.76
3535.16
2920.41
4998.1
7981.98
2860.77
918.911
8916.07
9790.94
8180.41
9164.76
8531.67
3368.8
2531.67
8460.1
7967.93
6288.92
6740.58
254.371
4760.3
1860.5
6375.93
652.907
4135.33
256.125
1003.44
3032.54
2784.46
8551.19
5738.51
7159.39
9828.95
9273.67
79.8011
4827.04
7255.65
2940.57
5745.96
6171.72
2731.51
3926.37
5336.47
1263.18
7295.17
7868.15
9723.28
5263.1
4157.07
6463.86
5517.47
8917.37
8324.36
1893.41
9570.28
2459.69
2149.53
573.717
5492.24
4933.99
9124.9
1230.74
2093.38
8953.85
504.407
2173.18
3780.89
7760.06
5113.75
9526.85
3931.78
7845.25
3453.22
9268.25
9108.43
748.388
7136.4
8831.71
6011.49
1293.47
5295.57
1528.96
210.835
3619.93
3422.37
9781.11
6079.63
5571.9
354.828
1571.86
505.891
9479.73
2802.6
2599.27
8433.58
3307.01
4772.45
2214.48
1067.06
9886.2
1741.33
4998.84
7731.45
5194.54
4267.09
6839.88
5942.93
1403.49
5671.6
1954.42
2696.96
967.167
3483.38
2907.79
4587.1
6905.75
2688.9
666.728
2477.66
3043.73
2238.59
2983.55
2523.46
5041.19
5582.82
957.045
8348.2
355.268
3171.52
9415.27
241.466
4912.85
4414.11
7972.92
107.392
8681.2
4812.8
6050.32
84.6868
484.399
8004.74
2781.64
1451.57
1488.13
5689.43
6038.67
8393.88
8378.33
6705.4
871.539
1422.06
8943.98
3855.09
3945.53
3985.18
9437.9
4902.57
2333.38
9793.17
8074.09
1748.64
34.6381
2986.94
6162.75
8007.56
3094.33
4843.94
2820.36
9144.65
4928.63
3304.76
7149.4
7710.27
4756.32
8637.53
3399.71
794.991
7031.41
1778.04
7500.39
7902.95
3200.11
6444.37
1758.03
7145.63
429.547
1195.94
2048.2
2762.92
989.11
122.294
4511.57
1023.75
3109.23
674.315
9031.3
6203.57
5518.26
1851.66
5348.22
446.891
5156.42
2497.62
8157.16
9912.74
1135.14
1556.87
707.733
8166.55
3334.91
8208.12
6069.5
6535.02
4652.49
7827.53
3680.65
5082.04
9023.47
5728.85
7844.96
12.5782
5851.15
2356.53
1036.33
8960.38
3030.84
67.6295
5163.95
8549.1
1919.29
512.168
8995.99
7075.71
3009.79
7153.16
6988.45
4144.93
8710.03
7696.19
2311.48
2044.95
5904.31
8380.98
8579.97
556.795
6208.51
2260.62
5638.83
5231.98
7989.47
3483.79
5244.56
3840.62
5840.32
6280.89
2801
8871.17
6348.51
7964.94
7420.27
8267.81
8477.11
6416.26
5343.52
1486.9
3569.42
2331.97
5631.83
2279.45
28.1557
7943.31
4324.4
5932.46
6324.29
2904.36
6489.26
2532.8
5164.98
2128.09
7764.79
3154.45
5611.88
3009.35
6995.07
1452.21
9290.23
9796.06
323.375
5638.75
7761
7743.65
3906.55
6238.11
4159.91
9250.07
7725.01
7729.33
1582.04
3356.84
8.78856
1610.19
1300.15
4333.19
7542.66
7624.44
7237.55
4031.91
157.245
2402.53
6160
7922.03
5556.98
1771.88
931.377
2552.05
3224.09
221.609
2348.11
3547.47
5860.35
109.114
1291.11
9766.91
6347.23
5451.02
9016.98
4072.24
3180.36
599.016
7429.07
3189.15
2209.21
8729.22
7522.33
9751.87
6353.66
4759.89
3783.78
6510.91
7162.42
9943.78
4432.94
2719.41
1715.66
5364.32
5271.46
4939.76
5585.93
7619.57
8487.22
1446.28
7728.68
9778.34
1213.19
4075.91
5229.36
230.164
8148.15
8409.72
829.18
5577.22
1598.86
3038.39
4306.44
9121.19
2790.26
660.107
3881.08
6574.03
7171.02
1043.5
6517.81
1603.95
3762.91
8233.48
6968.27
9034.37
3173.23
2554.2
6653.94
1660.45
4000.48
4382.62
1438.79
5213.66
8458.53
6668.15
5443.83
6606.68
5077.86
6273.01
2183.9
6676.72
9311.4
6490.34
5797.92
2101.66
7150.45
9679
8675.69
4321.47
722.504
5193.5
5925.42
4485.42
3426.98
2893.69
3519.78
6600.21
5447.89
173.722
8260.66
9448.36
4556.34
9699.45
4662.03
3014.87
6367.6
105.854
9621.55
1445.46
6378.86
1805.45
8122.18
5690.26
8295.79
3920.1
7791.91
5446.24
3599.1
6467.6
9767.71
4321.6
1661.11
5693.13
8807.02
5088.08
8586.82
2326.8
1688.29
4034.71
2500.52
9948.95
3483.07
7056.87
9648.4
8145.1
71.7383
6015.99
8250.95
9693.29
7461.45
4629.81
1498.74
5583.63
320.072
9794.53
9503.73
8111.99
5240.77
3102.83
4579.59
5008.48
7424.43
6240.7
701.613
6231.44
1328.78
9288.43
8558.25
3017.07
3323.14
1058.77
2966.02
6806.21
8115.64
2614.42
4951.31
8187.37
8630.42
3202.26
7880.66
6091.87
7832.07
9379.4
1675.5
8152.14
9173.93
1179.23
6264.13
4414.71
4282.05
843.719
9423.19
1706.48
7084.42
124.802
7937.93
8413.2
9413.24
6496.17
1430.27
2736.38
7554.94
4396.29
9542.59
5670.58
7010.71
4493.9
3857.95
5641.12
7696.15
1738.62
1732.99
5528.22
1118.02
3408.49
3680.37
291.947
4587.72
9944.49
4706.65
8869.77
788.214
4129.84
576.252
7872.63
4254.64
8514.18
6285.83
3667.88
5010.35
7716.09
6404.26
2565.29
2112.38
5946.84
8235.87
9123.09
440.741
2093.82
4764.22
8136.9
3832.44
6497.21
3665.12
4950.46
9905.7
7345.49
5242.4
4493.41
7289.98
9949.05
3363.18
8078.2
4078.9
3939.43
5950.83
8333.54
2453.61
2236.65
2001.42
7463.96
9952.75
8405.67
29.2566
2065.13
4352.52
8265.13
1188.22
4793.26
358.954
5952.43
2930.15
4191.39
2449.64
6595.27
9141.85
2355.34
3940.76
4384.25
6848.75
1230.74
4333.31
211.931
9308.94
8412.2
4151.37
5259.76
6745.74
6604.98
7496.42
8747.16
4068.94
7449.16
7152.83
4098.2
9514.29
1505.35
2363.33
702.509
6298.61
2722.28
6654.94
9228.76
6913.67
9104.58
5824.03
6055.52
1459.92
9764.79
439.776
8308.67
995.537
4773.08
8520.6
304.474
3185.28
2671.97
5564.24
9931.02
9276.95
3060.65
8678.18
3345.89
509.814
5831.01
7444.08
24.1037
7336.36
9807.41
726.613
3634.96
2529.69
7381.56
2863.72
9443.36
6486.14
8687.76
5498.89
7946.06
8452.55
5938.67
6254.73
9448.09
711.748
4775.34
9752.56
3897.03
7447.3
5316.8
3828.06
6724.25
8377.45
2506.24
70.1368
8887.27
8337.25
7514.22
8911.37
5673.61
7321.63
9637.99
9308.58
9851.32
7019.54
2172.3
9294.69
3505.68
860.059
4793.58
1451.75
9312.61
732.24
7706.48
8760.7
1443.99
2481.82
8513.27
5341.02
9929.12
3830.07
9169.08
6653.37
2207.52
1675.32
6723.51
1094.79
12.5721
4237.73
6.16314
5686.18
1559.36
9644.15
4994.76
1410.68
6663.69
7167.06
705.368
169.372
8027.12
5498.94
1621.12
7339.73
6231.18
9327.6
6100.43
7675.17
1809.41
4613.7
3016.19
1738.54
8443.77
2185.27
8391.91
651.288
3860.59
5115.41
1746.08
3873.17
9353.14
1752.24
9559.35
912.503
1396.39
4554.11
2323.18
8060.08
1721.17
3028.55
8229.45
9748.29
8527.5
9850.57
7088.02
4758.68
9178.17
3188.45
2433.85
987.583
7802.15
5450.05
2726.12
6245.92
7635.32
1118.03
6897.2
1495.91
6233.44
8643.28
5369.08
5586.58
395.525
4928.43
6499.09
1791.92
9482.54
8822.27
9852
1203.71
1850.82
8081.45
951.994
378.321
7932.02
8040.01
5137
7110.19
1228.46
7570.85
8097.77
9030.61
3020.9
823.889
5276.53
656.218
1941.91
2173.73
2152.13
8175.35
817.017
7521.21
3761.94
1212.54
2449.64
261.023
3004.46
1932.17
9083.29
2856.45
3135.88
934.119
937.902
4087.87
1312.44
8869.92
2127.88
6449.44
5980.11
3356.35
4020.29
4077.88
2386.96
7041.19
4901.77
7663.49
7697.41
6843.68
9837.23
9849.54
5019.04
654.244
7370.75
8780.97
1866.79
9820.38
9042
4871.24
1752.56
8125.29
7727.7
4888.44
9059.41
8665.6
8976.31
371.85
7535.52
1104.19
6821.29
3515.63
4460.54
841.583
7593.51
6847.5
7882.77
2495.27
4511
5580.18
9338.95
4348.22
5429.72
4357.99
5002.47
2800.47
3138.96
6869.25
2620.86
2180.96
1740.5
4373.41
306.254
9468.2
9261.85
9365.66
8133.8
8238.16
9737.51
5669.32
9342.35
6558.81
9184.94
3802.89
7400.39
6778.45
650.395
5283.16
9273.72
5161.39
863.347
8612.67
9509.61
6293.07
2970.67
4512.08
9093.54
6109.63
1381.33
1714.4
8290.59
3121.83
6087.81
8596.85
2590.02
5349.66
7962.51
723.815
3587.82
7700.03
6393.13
2930.17
4258.83
5578.07
6733.06
1659.22
2356.52
7383.45
6942.38
1630.24
2544.84
7805.73
242.916
2054.45
4098.8
3213.58
6566.53
3192.34
9323.21
7947.86
4906.73
7613.8
1069.69
994.544
6210.65
3659.71
6344.2
4173.16
4383.52
9932.02
1873.19
776.651
2862.19
6132.02
6354.72
9595.25
7791.24
8711.25
6978.7
4733.62
341.488
9523.54
2539.35
584.404
1578
6638.14
3797.99
8144.53
9830.48
3121.2
6092.39
4737.22
735.002
7162.08
5731.76
6945.65
821.781
2075.97
1118.81
5205.3
2007.99
2992
5981.95
4870.18
9124.02
2336.68
4465.42
6915.25
1047.92
1444.12
1648.87
1389.41
967.668
4188.22
1973.82
2545.67
826.362
5771.8
690.197
656.846
8893
6782.59
5394.06
9628
3944.66
1125.83
6573.66
4766.45
3201.79
7692.47
9971.75
5209.78
684.469
5953.7
79.9569
9808.49
8290.38
4545.38
6723.74
9338.3
5989.5
8372.61
727.716
6957.17
2560.83
2701.53
9502.84
3387.19
8473.34
193.035
4044.03
7366.34
6975.62
9438.1
6994.34
920.286
563.925
3568
5686.73
3765.72
1260.47
5658.48
8975.5
1944.94
1612.18
9055.46
1753.42
9902.56
3600.84
8477.16
9240.86
9590.34
6849.77
9968.58
6547.51
9410.6
2670.11
6050.35
2797.78
1143.45
6243.38
6841.82
8509.78
3219.01
6279.92
5504.13
4139.29
6843.84
9072.12
9826.02
609.558
332.592
5484.5
9585.06
2277.53
7096.68
8640.51
4030.95
6999.24
2241.35
2508.11
6240.1
1831.69
9357.88
6208.68
8379.2
8768.48
8878.79
4429.55
1566.26
22.2359
672.935
8408.08
8532.02
3891.94
4687.99
4036.15
8031.23
1531.83
3108.27
7857.26
2141.39
3440.86
3341.76
1726.45
5718.39
438.439
366.962
9749.34
7437.68
2608.31
2257.46
3677.78
4440
1615.34
9886.46
2819.2
383.814
8765.25
7248.76
1950.07
8787.48
7921.69
358.152
7319.5
1813.63
5046.14
1355.65
9844.86
6577.98
4463.92
7702.12
8719.37
7904.78
1043.88
445.814
3623.17
1482.32
812.776
3372.51
8919.99
3421.09
5629.97
2597.77
7861.09
7245.31
2484.23
680.296
7629.12
1249.48
7929.05
9579.2
36.9629
5850.74
9937.35
7356.47
7664.37
4983.49
8712.12
7509.23
1561.47
3176.04
5211.35
280.833
1080.82
6255.23
726.647
4703.99
7737.55
1539.42
8076.5
6657.54
4960.51
3706.47
9255.32
2821.6
951.78
1739.55
3501.9
8580.9
2989.03
1430.95
8160.1
3025.99
7281.69
8097.44
382.457
4946.06
3080.93
9094.57
2455.3
4642.4
2270.61
7666.65
4923.23
3351.43
3921.88
5649.88
8055.41
1659.43
7189.3
6131.92
8316.97
2149.82
9838.39
7572.29
4971.42
790.171
9311.83
8473.32
9371.07
2300.86
9904.27
7531.17
5326.85
7185.96
5628.61
5709.31
2132.02
8709.54
4803.88
4587.32
3351.94
7074.49
2253.97
8275.17
425.917
6175.85
3925.05
8481.33
7835.28
1114.36
4613.25
6152.25
3264.17
4451.64
3724.54
8235.59
5241.81
3036.37
6708.91
4612.88
5337.23
6613.18
2144.05
664.086
3799.14
7772.66
6373.4
5931.16
6482.2
1177.28
518.483
9834.14
8251.77
2772.45
8109.32
8677.69
8948.31
2034.37
7159.02
6783.59
3148.73
1772.27
2935.84
6412.9
6223.91
6660.37
4648.5
1465.72
9696.75
1357.41
6078.6
5033.98
7970.59
8222.65
5698.07
1769.73
5995.31
2071.46
7700.89
2477.51
3248.74
8219.38
2311.66
1500.51
991.83
420.973
178.198
9940.14
2455.34
7337.22
6723.72
5604.07
9109.48
9659.56
2016.98
5333.39
6319.93
6665.47
6799.11
6016.68
8022.88
2877.71
1050.66
5993.47
1100.36
6748.73
7763.2
7095.67
8820.19
5464.09
9573.18
2068.93
3683.47
1884.84
3569.44
4675.3
2305.81
3747.64
4615.43
4761.16
1084.85
1339.15
365.229
194.337
998.714
2382.21
5527.73
7318.65
9047.68
2326.84
3335.33
7070.56
5204.55
4385.99
3064.03
6304.91
1134.71
827.224
3400.58
9954.9
6291.32
2973.76
2023.83
9974.78
4858.6
5593.27
4650.08
7164.41
9340.91
9265.51
1925.57
425.76
604.668
2290.79
620.097
1603.38
4673
6147.82
8922.03
3720.68
8474.66
2257.36
791.234
3679.21
6643.35
3855.26
9984.12
7778.06
4682.48
3384.7
7732.96
973.8
6358.46
9756.79
948.584
1217.06
5350.06
5598.66
8381.47
4690.97
4864.18
307.031
5116.73
5468.85
2597.82
5736.83
7072.23
7270.82
1884.65
5994.26
991.501
359.314
8251.62
1782.74
4038.52
4894.96
5638
4022.64
2673.02
320.48
7407.33
405.986
1294.28
3765.79
162.78
2242.86
4982.85
5512.84
7841.53
3364.31
203.813
2705.71
3671.34
5320.54
8174.55
6269.17
1057.37
5246.78
3539.99
2942.02
1241.04
4531.49
3301.34
9492.65
6314.23
7339.86
4387.61
1952.22
1362.5
7060.64
2272.7
8769.84
7466.62
3566.98
2535.63
7629.4
5809.85
7518.47
3142.25
3651.38
882.787
3346.06
6357.08
4554.13
8666.6
4531.63
823.3
9723.97
9778.41
4363.29
2666
1019.45
8894.79
5967.33
512.101
5209.02
3307.19
4899.71
7161.24
4669.69
1960.35
9433.95
3439.53
9426.97
3000.93
5975.16
7056.38
8810.78
3493.63
198.62
2462.16
4376.42
3544.68
8819.24
8930.55
2211.28
3350.87
9753.85
1935.25
3129.29
4117.14
4601.25
4148.74
3011.93
568.581
4660.84
8220.95
3875.77
9560.55
5382.19
8545.47
1520.9
4816.13
1985
947.876
7817.06
7960.15
8004.25
6627.84
1453.78
8202.87
9090
5830.2
1747.55
7909.24
4760.75
3958.83
1260.11
4514.59
5894.08
4389.4
8631.74
495.33
8538.13
1643.67
1063.91
3198.97
9864.61
4939.69
2759.52
5246.8
3485.15
4280.43
62.9338
5470.15
5228.3
7880
3430.3
3232.55
4507.84
4884.08
1435.43
3597.84
714.281
3182.98
1507.08
5475.03
7141.81
2767.19
9989.62
3035.89
7156.58
8621.36
3531.22
5694.72
265.022
4595.13
8893.69
129.633
9534.81
1653.21
5376.43
3019.97
5933.64
5439.37
8490.12
1161.94
3319.37
1920.42
4394.49
7827.21
6804.5
5829.92
1425.05
7518.78
9012.89
2932.12
2993.81
6154.7
5699.31
2983.43
9190.59
2855.89
1604.79
2721.81
8550.61
1869.81
7316.94
7444.29
1999.44
6851.75
9097.5
7375.88
9871.72
5031.14
2815.24
8361.84
6193.08
6134.61
282.257
587.572
3961.82
7086.76
6417.49
5386.86
4605.54
5430.38
8318.99
7599.35
1585.08
4018.3
582.786
775.673
6874.19
2187.58
3497.48
5424.79
4057.39
814.416
2869.09
6056.83
7666.17
1966.59
3432.71
7537.89
6997.73
6247.95
5899.73
3190.81
2382.56
6181.98
3778.38
6344.38
3268.74
195.871
1731.24
7874.28
5626.26
50.2245
5473.64
7211.34
4068.52
6056.42
7987.01
942.707
8244
1484.49
6367.5
2301.39
2298.91
9236.59
8358.22
9965.08
1203.18
1790.92
7502.97
8200.91
8038.87
3402.69
1391.71
421.432
9584.67
5170.09
6765.81
2853.41
5365.97
8497.05
727.699
992.222
8547.27
6201.34
8203.56
2615.79
2257.76
6190.58
3558.5
501.762
7675.07
9926
2803.15
9973.98
9162.58
1161.36
9939.06
365.761
2952.28
7442.02
8566.67
991.157
844.715
9958.38
1412.59
429.388
5128.47
8178.4
3282.8
494.439
6675.44
4010.5
1486.66
5222.72
211.838
9690.22
7838.51
2469.6
5880.8
1397
2971.36
3555.87
1323
5774.51
3529.85
485.586
6935.87
3468.91
851.347
9888.16
910.929
9418.01
879.312
1755.64
9376.39
2291.9
2185.03
4504.87
470.298
5467.83
4999.3
7145.74
9478.33
6485.96
2368.46
9690.17
6176.19
206.964
2159.77
2056.99
1603.97
5131.13
5612.86
2926.97
905.641
9142.7
3412.56
7841.51
2611.61
4263.9
7729.67
3522.54
3681.91
8608.98
5278.18
3058.31
900.882
7463.21
7563.17
1371.18
2931.04
2562.48
8516.92
2409.38
9048.44
885.38
2099.55
5224.63
1092.34
4259.32
7281.61
2696.31
9390.45
2894.47
5623.28
296.093
2037.17
9035.84
8137.61
4648.78
3299.74
5867.27
8171.32
6981.65
4476.25
3449.5
39.9594
5377.14
912.713
7603.13
6748.32
3843.76
165.607
5265.24
6253.14
9214.05
6150.62
8352.68
4438.67
7242.96
2612
1720.29
9939.27
2002.46
4614.76
5562.55
2298.55
6651.93
4598.39
436.154
1300.72
7898.13
6303.43
9472.04
4879.78
779.682
2921.54
4919.74
6156.82
3834.25
2522.87
2905.13
7678.01
2688.48
8170.37
3931.14
1902.52
4320.99
2283.83
6341.2
1563.95
4895.83
8061.49
1503.22
6898.29
2676.25
7065.77
9196.83
9328.18
1664.16
9632.99
628.894
9562.29
5936.42
100.931
4442.06
6716.1
3022.47
9361.8
2872.92
6856.72
1884.67
5778.05
4534.73
4573.15
3948.42
8465.87
6475.67
8269.41
749.7
2816.87
9833.36
5645.53
878.351
1336.59
2543.82
3554.6
8402.36
1740.65
2882.77
66.5221
1373.64
3511.67
9628.81
7310.06
3612.6
4070.87
4026.15
6635.07
3432.68
6899.07
3491.79
5317.35
2677.12
8026.52
9890.49
6625.54
6492.39
6366.16
4894.95
7242.09
9183.03
4728.32
2887.62
61.3772
6064.9
5431.44
3615.97
4467.26
7172.09
6498.75
4533.78
8545.73
10.4169
4162.59
5855.79
3623.02
8233.47
9881.94
258.086
1666.14
6781.01
3749.88
6983.49
9458.13
1776.39
6873.98
6083.68
8268.78
3240.14
978.629
5510.88
2423.17
5706.95
8398.5
2484.55
1771.85
3829.94
6100.52
6239.11
1002.03
2599.27
772.893
9547.76
2609.68
4935.49
5403.55
6232.7
3168.95
5285.49
6490.79
4835.1
2066.5
240.662
1818.59
1524.64
2017.06
8692.57
7608.31
285.841
1932.71
8586.94
5796.72
4355.88
4293.89
4195.21
6840.42
6065.73
8025.15
2940.94
2304.84
9027.18
5540.21
3077.74
8574.93
8149.89
8013.22
3978.48
4382.59
1182.17
9263.97
873.379
6017.27
1330.47
1114.04
7835.86
2855.11
3131.1
6528.42
463.421
3416.94
8461.13
9050.36
9213.65
2817.01
3344.25
3408.87
9657.43
9409.98
1434.02
2598.37
1714.82
461.191
8138.58
4792.56
9036.12
6288.47
2805.78
3014.6
671.061
3987.95
2278.57
1544.44
5.22443
3609.04
2658.48
7841.08
6464.15
5789.58
4369.5
6927.57
9206.52
2830.63
5977.93
8420.17
5647.64
9322.18
1829.04
5305.07
8732.16
3263.05
7903.44
446.988
3724.24
6042.02
5239.55
2760.37
2330.48
8045.33
5774.97
3001.55
2033.28
8053.54
4545.99
2038.51
1662.58
7204.47
9879.59
8126.73
2994.05
4249.09
5054.31
2200.56
7079.72
1032.24
620.732
2727.36
354.423
2449.77
8032.42
9086.59
5712.82
5935.86
9533.58
9437.06
1977.88
4773.12
2197.43
4308.36
2818.45
7972.4
7309.91
4851.73
6025.94
1855.89
6890.24
7688.52
9060.36
6769.82
5815.26
2054.41
1018.91
869.565
4254.97
8098.63
1901.81
4875.7
825.982
2256.23
7325.47
8858.41
1342.82
3038.29
4794.27
876.391
2475.35
6772.14
5649.51
4672.78
1080.5
8467.96
2645.18
8390.41
3319.69
8671.12
246.303
209.929
6359.65
9306.66
6979.75
2174.9
1361.07
7998.66
3044.47
5616.03
6097.28
4946.27
491.733
6923.26
7202.5
7817.2
5781.67
8545.32
855.488
575.937
9421.71
3330.84
7348.08
5071.22
8003.62
8428.58
3539.19
648.805
6818.99
6858.88
9319.93
7065.3
7068.81
5679.57
6371.96
4048.56
7854.48
7733.03
2047.22
898.946
3349.06
8144.5
5845.22
3840.8
5067.76
3047.72
1658
849.434
1593.04
2513.48
1425.37
1014.75
5844.32
8773.45
6085.98
3847.95
7202.04
9625.17
4496.75
4021.03
6484.05
3816.68
1086.33
3552.85
9496.25
7458.29
7601.41
7350.73
5191.32
9648.63
8249.67
8540.38
7793.13
4094.9
2381.18
2860.89
7142.62
4039.17
3710.33
8735.66
6552.66
5135.7
9750.42
2396.98
3909.15
5836.4
6244.93
1111.19
5461.56
741.684
5132.22
1945.61
4558.36
6218.55
5498.46
4054.61
3676.84
3099.87
1405.34
8868.16
2748.5
9655.02
7408.54
541.63
3749.91
9789.72
3402.52
892.532
3828.89
7112.85
9628.2
381.551
2248.54
9378.61
2778.54
6157.69
5215.01
9023.47
7268.88
676.572
9765.15
2401.1
2622.18
4323.52
8619.65
8120.64
8378.13
2296.49
1220.52
9783.47
1164.64
3969.02
9438.49
8573.18
4510.65
3188.4
8362.9
7913.17
4080.93
2191.79
5026.02
3709.13
2573.34
7274.56
3087.74
5351.88
3432.26
8302.75
4375.34
701.137
8979.32
4140.5
3102.24
1601.5
8464.01
1721.89
9722.15
6842.14
4018.37
942.665
6625.61
5183.01
4911.68
6064.1
3756.2
9422.33
9252.51
2119.09
7335.51
3333.44
4310.88
2361.52
7042.57
6884.22
9636.09
130.312
2236.1
3068.34
8433.06
6611.44
3769.48
7412.39
751.938
6871.72
9013.89
9215.95
8593.6
8736.04
6058.09
2611.98
9678.71
2683.7
7794.99
4590.39
8747.81
1551.19
4012.73
8000.31
3670.28
1348.23
1333.75
7981.16
3709.76
8376.32
4865.38
3345.84
8506.63
7101.48
6414.19
6939.7
3712.92
183.669
4352.09
4464.86
7055.39
3365.98
3680.81
5648.99
2102.02
9738.9
8260.97
1780.73
2422.61
6055.96
6371.12
1170.41
7607.14
383.841
9170.72
1277.42
1732.07
504.474
9258.58
5441.83
8880.8
4123.97
8787.67
7387.43
1225.45
5201.86
4327.12
4938.37
5385.53
8679.21
9403.24
2440.92
2045.19
3084.05
8089.91
4147.21
2822.95
6350.88
5927.93
5245.56
2406.83
2299.05
6415.97
13.9733
2682.89
5586.69
1291.39
4414.96
6091.17
549.977
9856.79
4971.96
4673.94
8644.47
2359.39
5899.39
3846.33
6686.51
837.769
9231.86
5365.72
241.007
1672.78
7410.91
3325.06
9762.69
1558.12
6148.01
6113.56
7486.06
1393.57
8520.39
9785.11
7809.54
8534.37
2468
3396.23
9825.76
6882.96
9487.4
375.74
6739.76
4459.36
5049.68
5384.22
6818.75
949.078
9230.55
3505.27
1786.85
8462.41
8870.99
2027.85
135.191
6281.9
5352.91
9897.88
7840.03
1500.92
6011.44
5326.08
2894.49
4531.84
5111.19
704.025
3066.21
7579.18
4100.26
2891.97
4462.15
3587.66
3267.71
1201.9
8047.02
8317.39
6586.12
4865.77
9266.47
5816.68
8371.04
1053.32
4279.09
7242.03
3081.17
4414.28
3523.94
8434.08
4312.16
1363.96
9935
323.602
6690.04
2829.49
4855.44
1801.23
3533.51
7921.64
9380.41
7633.77
813.613
3842.56
1221.43
4081.32
5044.46
9268.44
2398.71
1630.59
4134.22
1665.18
7447.26
2505.25
2718.5
1726.35
9747.28
5799.67
6140.64
3271.22
4233.75
452.796
4635.18
4168.75
776.398
1325.22
6998.24
5631.84
3126.45
531.75
3553.48
2506.87
8165.52
4367.1
6349.43
9386.95
8448.42
1393.89
8655.39
847.128
3024.48
2789.61
2512.31
471.742
5294.86
5230.81
2198.1
5042.14
1030.48
8338.73
8313.36
5264.23
8791.53
2948.54
9432.98
9567.93
4273.77
6431.21
5199.76
7400.22
6962.96
8753.25
9907.09
5128.48
3120.34
6256.52
4515.43
1568.76
7650.41
3170.82
2415.89
674.892
5960.42
4928.2
1146.63
1255.28
159.006
3344.73
6297.42
1189.48
1683.46
4610.79
6453.71
474.988
7559.33
5886.69
42.9139
1833.1
2317.9
5242.68
9233.32
9280.86
3995.92
9140.41
4409.34
7116.27
5396.94
8924.77
8685.03
3047.35
2095.59
1100.91
3722.24
8056.01
6029.11
4868.87
9311.3
6188.12
8213.6
5608.72
7377.6
9897.06
219.507
3831.31
372.052
7778.84
9717.99
414.966
9611.94
2035.89
5657.64
8845.26
1316.75
9653.57
7985.67
5726.1
6769.84
3382.61
4650.87
5454.86
6429.96
6746.46
6555.77
152.197
4802.47
2584.88
5021.07
4113.76
8773
3234.67
9722.49
6150.6
3131.74
9941.99
9981.91
3503.79
7720.83
9699.9
3918.76
7332.77
1735.79
9576.4
6178.02
3052.54
9229.97
4163.69
8778.64
5999.81
7546.3
3429.51
1454.67
3976.25
175.963
8010.44
4128.45
4978.43
595.323
9149.52
9092.2
9368.32
2384.2
8814.68
5518.92
5515.94
8756.68
5500.82
9019.73
6477.51
5200.72
2938.49
3810.27
6936.51
2514.89
9988.3
9989.06
1744.86
4151.99
8767.7
7744.66
1698.29
2197.2
9199.33
5674.54
2373.17
7209.77
9803
7351.6
7805.09
8952.52
6443.8
7173.41
1336.72
5258.48
2692.33
6852.65
4015.16
8193.16
5872.38
492.661
3393.88
8810.87
4302.93
330.394
1325.76
4291.23
319.453
3070.61
8443.22
9087.15
815.278
141.51
1284.35
14.6079
5816.05
3657.52
7224.38
5619.05
1009.12
5029.47
4571.57
7452.92
2202.88
5908.28
2711.4
4895.22
2760.94
6726.55
3088.37
8633.32
7219.22
6482.25
7444.19
1522.15
6812.64
8769.94
5813.38
7132.1
1840.55
4256.6
6219.25
2655.83
4398.11
7503.6
2670.44
214.164
1161.12
9894.82
5833.21
2170.25
4924.29
404.783
9623.17
7127.17
6313.07
2334.56
2022.39
9074.01
9061.12
5110.76
7707.32
6280.34
1593.01
5151.51
7802.49
8405.65
3921.45
3615.86
5537.75
5762.01
7872.46
1757
8417.84
2270.57
9260.6
1088.28
2484.74
421.726
983.097
8317.95
2591.97
5907.39
8722.74
2215.14
3034.56
5035.81
4549.7
5056.94
4109.81
3610.82
167.703
1817.14
9891.16
1760.71
6968.65
7693.64
166.367
890.097
1309.51
5704.12
6652.1
9181.97
7461.12
5069.94
1452.55
6721.72
6158.22
3937.28
7143.44
7141.32
2255.24
9735.42
3048.7
977.975
1950.55
6083.26
6013.78
6500.26
1140.2
123.591
111.076
1307.91
1940.73
2.23212
3068.62
8909.37
7695.87
3234.99
9799.47
9005.38
8939.11
6451.57
8187.35
6400.22
1521.52
9639.9
3121.94
7679.74
3577.18
265.387
4821.06
5832.42
0.803829
7869.76
6810.39
1951.36
3953.02
2824.17
8451.61
5093.22
2947.76
8562.69
6401.13
4888.49
8564.92
9469.75
3797.86
6260.79
2704.74
3597.33
5266.17
1643.85
48.907
3453.52
8044.07
1570.42
3093.42
1166.01
9250.16
6670.6
1431.4
4071.22
2503.02
1432.21
1940.97
9313.41
3383.56
5893.99
2137.59
1835.18
987.217
5085.35
397.864
7388.35
9973.84
8962.78
6858.1
3771.7
5223.58
9562.84
7369.04
489.752
1206.69
7417.94
3943.28
9250.76
8988.37
7036.7
416.778
8238.53
3707.3
1848.18
2309.74
6210.32
3280.38
4250.72
5523.73
6663.95
144.709
7661.32
8499.12
1131.93
2746.67
8896.99
8520.28
2720.51
7859.77
5378.38
6492.21
3083.35
4941.22
3861.25
3573.1
6147.92
1279.19
7516.38
5398.68
267.56
4553.07
5815.46
8506.09
8260.37
7663.64
815.829
4470.69
944.023
5066.55
9994.42
7607.97
5211.25
7655.74
6107.09
6343.18
402.403
5004.08
4863.46
3122.91
2863.85
241.837
9615.12
5947.2
5183.06
3476.37
9520.3
1330.98
4755.56
7036.67
6729.66
5023.12
1589.75
2545.12
3529.21
9850.12
208.756
4345.04
4320.81
1152.78
9411.58
4315.23
8760.75
4622.84
1970.96
4867.84
966.018
2373.36
9871.92
5829.48
5496.27
2735.77
6071.31
5111.4
8682.97
1254.37
8587.77
8203.26
2585.35
3343.33
5239.94
9315.01
8366.45
6829.68
1860.13
1895.66
6679.8
2068.88
6240.7
1000.61
3221.66
5652.28
5315.83
1982.41
275.116
7286.79
6850.25
1241.13
9660.16
6722.17
7070.61
5156.43
9457.94
3141.92
267.825
8140.9
4396.29
8855.59
6344.16
6981.64
2198.92
1584.1
6296.65
565.368
8413.78
8156.78
2461.03
5093.58
225.663
8701.72
6094.19
3447.32
4354
1410.02
5429.73
4629.12
8696.81
2279.98
5870.25
8356.97
9002.15
2940.86
3513.4
8460.09
6082.78
3781.22
6600.99
479.073
2636.82
2945.15
7460.72
4835.73
4529.26
3757.37
5401.1
2943.04
1914.15
7862.13
8036.62
2139.82
6563.85
4130.81
5587.14
917.848
5540.83
1016.87
5546.96
4237.65
3296.85
1417.21
2594.62
2299
4358.07
6108.01
759.093
440.851
9889.24
7360.08
919.923
2526.06
305.237
8380.64
7361.79
4834.49
2138.01
2762.89
7777.53
4052.17
625.016
5814.15
6191.98
7188.86
9944.96
1779.12
8106.71
5485.8
2795.99
3653.68
9723.44
6092.84
5070.89
2318.06
8391.85
9428.96
8426.07
9150.94
9869.81
8315.31
6511.02
789.736
841.368
6816.26
9170.38
8203.16
1650.75
1308.39
966.047
9428.28
5360.55
1591.06
5242.44
1552.53
8779.93
5187.4
3331.65
6886.64
673.2
6127.64
540.318
396.644
2220.49
5611.21
2714.7
612.336
5040.17
1140.78
9763.28
4909.98
9456.09
6274.3
5699.72
297.458
3090.56
4870.09
8500.61
4741.32
6178.48
9466.66
4169.6
1539.04
1057.72
9412.04
3091.57
9837.65
4599.44
6423.23
6724.29
5272.64
2550.87
7264.61
5669.28
4771.36
2875.82
8383.99
5383.7
7915.99
9524.76
5146.97
2825.97
8980.85
1421.27
8525.69
9278.31
4511.84
3395.78
7778.92
9253.15
9574.26
7245.59
3422.75
1113.3
8303.31
2834.79
4204.88
8140.96
7434.23
628.103
4865.25
2706.87
3178.97
2129.86
8376.15
7950.33
5005.68
6760.14
3334.03
2921.67
6284.9
8481
5747.64
5265.76
9902.28
4273.32
4544.06
4414.11
7669.1
2322.99
3667.27
7243.37
9568.57
7090.02
8356.67
7871.88
9924.81
2561.55
6012.84
7359.04
3189.65
878.097
65.9137
6368.62
3007.96
8442.07
4318.96
8013.64
5202.21
7652.98
935.307
1487.11
6133.99
6682.94
6752.87
6036.27
956.266
1296.93
450.38
8625.37
3619.92
4117.65
5868.74
3188.49
1207.67
4225.41
1060.38
1132.48
6786.95
7073.22
8491.53
9976.6
7951.32
8557.44
6345.22
959.277
6999.51
664.177
8972.92
2201.72
8317.16
9908.22
3688.83
4451.15
6591.17
441.693
487.414
7547.43
1738.62
937.795
6172.8
5358.54
5055.44
2041.54
8547.04
6263.11
6266.94
9607.41
7395.6
3053.9
6680.63
5887.12
3030.49
4631.95
4444.56
9375.72
5591.23
1444.07
39.8931
4564.14
3645.78
8357.05
4472.37
7334.61
2808.2
1063.54
7776.3
3295.62
8610.97
9514.93
4233.41
4783.77
4873.47
9288.86
6825.31
3420.51
5551.97
3092.26
3027.92
2947.56
6146.15
9708.55
8834.69
9176.65
4340.51
3279.25
8552.36
9931.73
4723.32
8592.25
4495.88
8369.1
6949.31
8968.24
5703.71
9757.51
31.7807
3480.02
3053.13
8642.75
2994.94
7286.55
3426.52
7868.41
6575.4
251.834
1288.92
2127.37
3344.09
4316.84
5074.93
9490.24
4025.4
3909.62
8666.88
8365.9
7188.87
7219.25
8297.63
1912.18
5811.5
2793.51
281.286
2760.81
1761.75
5985
2518.32
1793.54
9465.01
5571.46
436.286
2459.96
2858
3862.81
328.37
9433.4
4114.64
1617.29
1560.77
7458.73
5934.13
6635.71
6948.97
9959.53
545.327
5615.85
8325.43
7734.2
2835.1
6623.06
9646.38
8646.6
9416.57
9927.67
1407.41
1178.33
5912.66
3925.74
2971.86
5377.68
9497.19
3408.15
7837.63
2355.2
7270.95
8166
1788.6
1385.6
9783.3
3349.37
8844.33
5717.43
9985.08
5793.3
5676.96
530.405
1409.15
4002.39
8264.6
4244.25
625.448
7910.98
2890.86
42.0194
7838.65
4298.27
1220.35
3751.31
8224.01
4192.21
9128.99
7721.2
7600.35
6966.62
76.4006
4871.31
5132.63
1865
6256.9
4915.92
5214.37
5101.23
633.352
5199.45
894.529
6310.31
5729.85
2303.68
312.695
3994.46
6547.94
938.142
1905.44
9438.79
980.162
9744.08
3737.06
2200.51
3495.39
1961.07
6392.71
2624.38
9682.28
3993.07
9591.01
9758.68
8864.38
4723.63
1623.68
5121.28
9639.56
6838.05
222.512
272.91
2037.5
1117.04
6583.22
7767.35
3420.72
6895.91
1761.81
9968.66
7834.06
3667.24
9407.45
8814.22
3411.33
3144.51
1014.72
6906.72
5105.59
7407.44
9531.1
4787.86
1400.51
9122.11
4546.54
264.881
3845.74
6170.21
5386.16
3485.3
3008.26
5608.67
3758.21
5045.76
6725.71
341.431
2813.11
146.438
7237.34
4574.91
115.097
5071.4
8242.16
9522.55
3885.62
1653.48
2667.06
4900.34
8560.2
7772.65
2307.78
8091.3
2560.51
3708.29
7213.41
7107.05
3973.17
1059.16
3277.26
9359.33
4544.46
6285.52
4968
8302.67
1331.28
1693.72
8644.1
4144.39
1840.15
5881.45
8719.31
1955.25
952.848
6961.46
1477.8
4838.47
8614.94
4144.86
9738.81
7175.14
1917.51
2046.59
5266.45
4478.02
5754.88
2479.86
1585.07
9728.05
3539.02
4862.33
9087.38
8083.48
1147.86
4055.38
6386.15
2479.14
5749.1
5030.25
6623.53
7589.25
911.701
5342.83
9544.5
1864.55
2304.3
1022.3
6703.02
919.24
5167.17
6441.83
8094.39
7084.68
8488.42
3360.83
1562.7
4243.3
5840.7
3147.77
3971.35
9379.72
8010.1
3058.73
7463.2
9157.95
7114.11
3849.35
1637.09
2863.2
8879.6
8260.62
452.454
9791.3
3603.46
9996.96
1655.85
5907.75
1019.26
8358.87
6826.99
6186.43
4800.7
4921.38
3271.1
3289.12
8282.21
4833.8
7532.42
4122.91
7981.57
1503.77
3502.63
5991.67
4562.5
965.826
5149.62
1676.6
4815.18
6786.72
4539.81
3694.78
5047.34
4992.26
3486.08
8650.8
4989.22
5141.94
4558.55
6008.48
3500.81
1385.54
2194.91
8301.5
6306.92
5466.01
1590.62
4589.13
299.815
9123.04
8712.05
8281.39
626.813
2214.67
4273.05
5189.31
3180.5
9422.68
6865.91
7995.68
6209.4
1405.72
1690.45
1256.73
6397.98
5176.54
9907.53
1387.2
318.471
4466.08
7395.68
3819.28
5851.62
9590.58
2120.78
2158.54
5056.6
3711.4
6747.68
5356.41
2834.45
5459.72
3637.8
3461.26
7674.4
7910.85
8650.57
854.896
7333.53
5516.48
8850.57
3542.92
6922.2
541.025
4799.66
3320.18
5717.56
4707.19
4707.38
6036.03
9173.27
2103.06
9855.31
5024.89
1693.65
1976.09
7183.43
6750.24
5687.49
3931.11
2106.65
8521.94
9390.83
5744.45
1983.2
7065.23
3655.3
633.767
7920.12
988.831
6150.25
6770.69
4531.76
3072.45
7311.72
9331.41
6392.64
3029.28
4038.6
1100.02
9065.31
3211.87
3203.08
8920.62
8236.76
4896.73
896.708
5420.19
1646.97
6584.2
9351.3
3753.62
5106.14
8742.13
9498.07
7089.34
5807.35
3153.37
7723.11
3727.48
4142.21
3873.36
498.17
8673.96
6945.81
7809.89
8005.38
3338.44
839.169
2043.98
4438.46
9904.48
5255.85
7641.55
8825.1
3492.61
2538.27
9721.81
8912.8
4185.24
6306.01
8264.09
7938.87
1412.15
7006.22
7436.94
8501.49
2813.57
590.315
6224.59
6541.05
4732.52
97.9468
7039.22
3406.48
7043.75
4849.1
1411.86
382.2
5688.27
3455.83
4820.66
5592.75
8711.68
2462.21
4417.85
2204.29
5000.48
4139.66
1117.09
9185.73
445.671
9381.18
7124.59
1857.82
6387.4
4561.53
359.305
9200.97
5151.85
6583.9
5742.01
9884.37
6681.84
2781.23
3290.85
3725.6
7630.33
4702.7
4107.8
3318.61
8158.54
8928.46
8911.36
6870.22
1390.67
3329.21
9074.51
6391.15
7468.88
191.599
5576.88
7914.55
9572.78
2701.47
9772.36
5960.17
7263.01
131.67
5161.14
2414.85
6715.57
903.151
2299.22
3397.41
3684.38
5590.07
7123.01
1314.71
292.774
1230.8
4633.32
8451.31
159.267
3544.67
5321.54
1549.94
6873.89
4396.05
7941.09
4342.76
4587.65
3517.97
2257.31
4160.42
6219.45
2029.68
120.595
3482.45
2161.34
5281.73
5897.31
8876.91
6184.89
8196.53
2274.32
9869.26
3786.6
9397.33
1183.97
4079.37
628.131
5817.29
2530.68
787.398
9361.96
7852.22
2337.34
6235.85
2248.27
278.43
578.614
6835.91
3796.4
2835.92
996.335
15.8508
4865.6
1116.93
3498.3
7026.94
6398.66
9395.61
5903.85
2583.55
7592.14
8178.17
2452.81
1378.73
7575.5
3636.79
5458.1
8203.63
9454.07
7988.78
8991.03
8816.04
5841
1328.37
5051.89
8089.26
1606.8
5630.5
4925.18
5403.2
8466.43
5921.51
5419.05
3332.02
7038.44
8917.35
358.969
3437.11
8312.96
6262.82
6020.65
5905.1
4441
8473.47
7283.83
2016.5
2110.25
2741.93
220.132
1564.33
730.712
9211.16
380.362
6571.71
539.527
5432.25
4660.98
2146.32
1062.75
9586.15
7549.52
9529.18
5507.66
2968.57
2861.2
2546.11
1885.93
3220.17
5983.21
198.888
9482.99
2003.87
6103.99
3923.99
477.334
3387.82
5940.49
2587.59
6129.74
6160.62
4151.91
6860.46
5371.78
4532.28
3432.17
5911.31
9964.52
8093.15
8057.63
1027.27
7679.3
5607.16
556.45
3186.96
8575.73
3417.65
5733.07
461.652
6637.82
1716.28
660.54
6120.81
3720.15
6764.53
44.803
4197.48
152.341
5985.29
6785.07
6282.09
2145.92
936.982
3142.54
7517.7
5469.26
6574.71
3429.01
5433.78
4667.86
1486.64
6461.06
2347.16
7093.8
7017.51
5534.12
5669.53
435.155
1267.19
6131.18
7072.97
2983.47
6791.72
3193.79
6703.62
3556.24
3238.59
901.099
3708.58
9223.88
7686.17
9990.67
1369.8
8623.15
3133.21
8887.5
4092.41
9707.92
2316.51
9526.19
4375.78
3803.15
5987.24
6722.93
896.951
3004.75
2257.05
6566.48
3439.9
3524.24
2697.65
512.878
6507.71
9489.37
3706.66
3211.33
3045.61
6945.25
4112.43
6754.2
6169.14
1798.6
6744.86
7538.93
421.745
9878.08
6426.43
4514.15
9586
8742.94
4040.34
3961.78
2546.09
27.5822
684.713
3443.05
3032.33
2941.77
9.52164
6472.24
6466.01
2707.18
6985.11
2973.72
2196.55
691.778
6185.05
5242.16
7637.03
297.474
1996.35
3806.17
2096.07
8741.22
1345.1
2517.81
8619.3
7771.53
7031.97
8205.29
6514.48
1072.3
2167.07
9060.57
1099.89
2851.79
2503.62
4132.22
5793.55
2513.14
604.453
2259.56
5220.31
7589.57
5233.28
7416.86
8281.34
1418.32
2659.02
5918.38
1715.8
4655.37
9724.54
3811.87
3396.59
1069.64
6329.68
2015.89
8841.18
3361.65
221.182
5355.65
4433.95
2388.25
4416.22
5533.84
5240.04
6919.84
9666.05
1033.59
9432.98
270.507
3293.15
4653.29
7860.07
8526.43
2070.15
6141.42
9944.75
4729.16
2059.79
1660.55
9384.53
1784.34
5472.42
2781.12
2853.98
1802.1
4797.01
1695.16
5163.74
5018.19
7050.81
9597.69
7406.45
1467.03
5131.53
2646.49
8386.87
4797.59
3680.08
7819.85
5068.09
6973.23
2473.13
2928.17
5499.66
4543.28
9069.58
5444.41
9272.44
1129.38
7104.95
8656.97
2913.71
2577.37
1438.1
5767.69
4379.47
6235.11
7462.85
9543.21
1253.31
4513.66
9140.9
8659.75
5980.69
4272.43
1306.24
4367.56
9070.02
4986.32
2187.41
4138.11
1959.55
4660.54
7066.28
7459.21
9203.82
6135.86
2903.61
8476.26
7265.24
8.56793
7133.24
178.958
2585.94
8571.33
5946.65
6965.4
4806.45
3409.5
6508.61
6059.75
7923.16
5649.52
4719.5
3903.86
9921.95
6025.75
8271.42
8991.97
1012.07
458.83
3130.08
2971.62
5119.37
196.364
430.831
4323.19
6332.23
3334.45
2799.46
3597.47
3343.01
9932.69
3776.43
5928.95
8504.03
9723.08
2894.35
3310.47
3132.58
9402.96
9370.22
1055.75
5052.48
4089.73
4959.6
4974.43
115.476
3231.02
3966.4
1127.55
3689.85
7096.48
4099.17
8809.22
7292.85
4530
3132.42
3625.08
7864.45
5931.88
7222.55
1207.46
5864.57
998.976
7136.41
4368.59
722.057
30.7608
7679.07
3854.64
9433.72
7049.29
4910.39
4486.2
1139.02
9869.99
9460.63
1254.49
3101.01
3427.03
2382.04
6790.87
523.519
6481.21
5600.09
7816.37
1011.21
8732.51
1441.44
8875.65
4664.39
8663.99
83.1128
528.953
9662.97
7219.52
4897.55
385.024
7250.28
2576.62
4239.67
6684.01
9625.91
9150.05
1170.21
764.926
9020.04
630.846
2019.42
2121.06
4057.88
4401.46
8911.92
4581.4
882.672
4512.02
2397.77
1893.88
3244.53
3839.21
769.535
7908.91
2503.2
852.648
8437.86
2166.17
8072.17
3335.41
2551.19
5322.45
5912.03
6790.85
2006.46
5537.94
5940.91
3176.67
6302.86
4960.95
3807.52
8322.28
7082.01
7865.4
2723.74
5993.94
2446.8
3606.42
505.952
4844.56
5500.3
3750.48
8683.77
6269.83
1659.39
1186.97
7122.48
97.2536
3353.14
5194.65
3432.67
5904.33
517.102
9344.69
2695.18
2523.56
4882.63
8636.09
5700.23
1185.49
3597.04
9507.75
9507.77
679.053
7373.14
2231.52
6672.99
9819.94
5837.94
7178.94
4664.5
1338.23
929.419
3348.27
7608.07
2588.81
4535.24
4730.55
2686.06
7888.38
9925.2
6118.73
3792.7
442.301
5463.42
6487.88
2965.86
346.053
5123.97
8666.09
1531.54
8721.02
8173.84
1039.32
9400.07
5546.98
3270.84
6073.06
5366.92
9108.78
3252
31.4147
447.01
4181.42
3379.68
8055.08
6770.23
7914.92
2785.63
9456.29
5803.3
2710.82
5575.01
9596
3153.13
1038.44
6083.89
6118.99
1384.49
1207.86
4785.08
2916.03
9928.88
2958.92
3955.35
9328.95
8505.9
7226.19
5402
3872.81
6334.97
8654
3904.23
6781.98
2835.42
7283.91
4837.06
9605.65
5198.83
7622.68
9061.93
1002.14
333.506
4636.95
598.14
3486.63
5675.38
6682.03
9605.62
7059.87
7889.89
4390.7
9975.91
7818.77
7349.61
3931.26
7147.71
5855.51
1157.46
2549.72
9728.32
7492.43
1203.72
3632.55
4274.41
4039.14
916.457
9111.46
3644.79
6115.29
6734.15
2706.72
7117.43
7067.65
7343.67
7715.57
554.283
3019.05
4397.6
159.901
78.925
2287.49
4550.6
54.8334
106.253
1900.21
3986.1
7253.97
7755.72
5143.55
9803.68
7484.04
2635.98
1007.4
1116.58
6910.39
5046.54
2033.04
6021.85
8691.33
8148.33
2755.99
1398.05
5265.76
9823.65
8741.72
2981.33
377.928
1760.77
7378.93
537.829
1839.69
9666.41
5088.43
1894.53
9772.67
6988.64
5880.62
7026.63
4744.35
1024.18
6830.32
2228.39
3660.15
7837.72
3344.98
570.54
2884.26
5378.02
6592.39
1575.59
3526.35
9348.38
2973.64
8792.12
9172.03
1715.36
1773.45
9549.96
3476.13
9152.38
87.7866
5315.82
8818.79
5176.21
7210.35
8591.46
2164.85
3090.97
5618.09
6909.2
4115.15
2448.41
9137.6
7775.3
286.126
2482.58
8345.84
3170.39
7860.6
4938.23
4745.98
1386.95
4286.62
7719.63
179.067
3458.65
9434.99
1952.52
3008.6
2911.12
1104.89
3096.39
8226.94
9923.68
8272.6
5437.29
8515.14
437.453
8528.26
4133.23
7346.66
2643.41
6581.63
6484.26
418.717
6867.76
8966.83
8764.56
38.1478
6827.43
3702.8
4784.13
8214.38
7989.41
2503.76
8393.44
1448.06
1938.74
345.96
4456.66
4849.86
1450.85
7553.05
3076.8
1374.53
5825.66
8514.09
9889.67
6263.11
7042.35
4022.9
3609.77
9685.77
604.53
94.0229
104.483
7472.29
9060.85
8869.05
7510.44
5888.28
2571.84
2294.57
4102.66
561.255
4798.32
2496.1
2009.31
6737.06
2842.06
6465.98
1586.92
4292.92
4019.03
4663.72
5667.45
9844.68
3177.81
5557.12
6107.79
220.164
9580.01
9717.56
9905.93
184.543
9811.58
10.4131
7656.83
8872.44
8879.46
5167.27
4760.72
1451.3
7461.83
8863.38
2012.56
2260.16
1359.48
4021.87
8997.22
4201.55
487.847
584.144
8494.46
4506.88
5247.87
4161.91
4351.56
8425.68
9719.03
459.354
8645.84
9299.04
176.915
8551.77
9483.58
9988.5
8562.19
7140.42
8860.94
7441.64
2307.68
3621.66
8892.94
9769.52
2485.04
905.499
2029.67
3844.52
4927.37
1026.89
8046.07
5415.21
1611.04
6540.53
9922.09
6858.9
702.442
4273.65
5284.58
421.47
4733.01
3930.42
9720.51
4909.92
2482.2
9204.1
4898.42
1044.38
6344.51
3759.35
8486.02
8652.19
7381.01
7378.97
8421.71
9866.04
8284.47
451.384
3710.56
3211.83
1478.28
1756.63
8627.05
3089.31
8297.16
8549.14
9948.22
8999.6
2822.79
5232.8
9421.07
7555.8
9163.22
9141.58
2465.72
1645.42
8345.68
7364.13
2689.8
4690.19
1123.49
1175.82
3342.38
8504.5
8554.79
1764.1
8370.54
6839.26
2215.48
2081.11
51.0916
3693.76
3837.74
8678.14
6783.07
2134.89
7227.28
6731.29
1134.5
50.0733
1964.09
555.568
7605.87
1127.31
9697.15
71.5868
2772.73
8042.83
7435.72
5462.53
2733.02
8559.21
6638.35
6075.41
7063.71
5193.14
7839.5
5434.25
2032.4
54.9801
7515.35
2083.49
3748.74
1353.09
761.631
531.807
3487.98
7988.91
7263.1
4622.48
8038.99
9227.18
5178.05
5644.86
354.494
4875.2
5716.44
3127.22
2918.03
3152.16
8589.75
5651.05
1711.37
5228.1
1726.46
8775.08
421.245
9565.96
4209.33
2453.64
9620.94
1724.68
4537.13
3369.67
3077.77
5298.76
3901.48
6565.76
3287.68
1164.58
1188.24
1326.66
391.76
6366.28
6971.52
746.255
1241.48
2687.96
3873.48
4159.51
5840.13
2463.23
9810.57
7551.5
7691.33
1537.02
6326.58
8112.58
1102.98
535.911
566.223
723.922
2260.59
5103.36
4093.6
5338.36
402.121
7995.08
1904.12
3689.8
9159.66
3092.36
5016.46
9551.42
9458.64
1987.98
297.67
700.123
4675.95
4171.15
4859.64
516.077
6634.38
4670.21
8067.58
4325.71
6207.23
4394.16
2438.29
7310.21
4930.07
3004.52
8034.13
7190.67
8107.87
2127.73
2529.03
8509.99
122.809
4433.15
2199.79
9282.46
7525.51
7216.25
8833.88
6984.14
9204.24
9131.55
7684.27
3880.19
3302.7
2543.91
4396.26
9937.08
7214.11
2463.84
4262.79
3421.34
6858
6701.08
731.555
1788.08
9705.6
8765.69
8978.74
7813.47
893.42
1507.77
6323.46
1016.23
5940.92
8523.25
298.693
3466.43
5739.51
9132.57
450.573
4943.75
8264.12
8134.84
8823.93
1566.82
678.748
3220.19
1503.9
7892.86
5684.04
5766.69
1314.2
2542.04
2467.77
2045.76
4330.12
2173.37
811.446
3308.86
9986.84
1704.87
4816.63
6310.31
2721.1
757.552
4833.56
3019.79
4223.98
573.069
2152.36
4674.55
5516.81
416.483
2809.4
4340.74
1983.3
3488.14
7560.94
3487.2
1381
3244.97
9253.89
2695.21
5787.01
1721.66
4740.96
117.127
3895.03
5552.41
3425.98
3881.88
7257.27
8242.61
192.185
9978.37
9000.17
5025.75
2998.16
3224.15
5598.82
5150.52
7898.7
1115.63
5567
708.096
5456.37
7550.31
4196.24
3017.31
1037.51
5577.24
6262.29
291.397
8272.45
2049.3
2013.06
3013.41
2166.42
5908.09
8565.82
5592.41
9789.97
5823.1
3835.02
9982.16
5801.47
2835.19
5007.9
8799.63
6059.34
606.717
3950.15
3958.04
1722.35
9517.15
4666.13
7178.72
7067.46
8862.38
196.033
8104.97
4439.62
6458.32
8396.36
2712.07
8507.62
409.423
5725.48
674.04
6317.52
4291.31
6266.45
6107.49
114.404
101.474
6089.64
5915.87
2936.66
1097.55
4715.5
8996
1704.26
8665.65
2954.04
3426.61
8182.8
7620.17
605.329
5250.25
6482.55
801.361
3355.22
922.169
7259.68
1751.58
3634.24
5767.29
2161.01
9359.72
6441.34
8478.52
3651.03
2707.79
4586.01
3765.43
2809.26
675.653
9681.3
5745.92
1773.2
4396.8
4741.92
3477.46
3062.45
7695.96
6904.07
1245.24
5316.14
7509.4
6495.5
1798.69
8310.76
9850.72
2720.86
5570.44
1602.3
6355.1
1337.73
3763.31
5714.82
7779.07
2241.83
9365.85
486.854
6827.84
3131.28
3296.11
7503.49
2812.59
9042.04
9276.69
7209.39
3783.96
2754.15
271.838
1479.92
9658.22
1517.08
6796.06
7167.62
8012.58
8594.75
5478.38
7863.3
1315.61
1048.82
9465.6
7670.71
2386.55
3228.91
3385.52
165.623
5470.74
2751.37
652.476
2298.58
5882.66
3948.59
9802.07
8695.24
2990.62
9078.77
5904.63
6774.58
1832.92
6176.47
8254.51
1491.15
7693.55
5050.57
8658.77
5706.13
3645.32
4137.15
3569.43
4960.93
5185.97
3035.03
2631.64
7572.52
6263.94
6017.16
7738.15
1734.68
8768.53
8390.62
4033.26
4651.19
2339.21
3835.33
3346.43
5329.84
2914.1
9251.07
2104.42
4747.02
5427.54
358.929
6238.17
3121.09
5409.5
4896.94
8827.22
9054.82
9034.09
2396.65
4015.75
4220.06
5431.68
6647.39
1792.58
1695.62
2664.55
9530.72
3430.3
1433.08
7921.35
7463.55
6084.27
260.558
1298.89
9430.71
5590.39
4212.99
8681.77
7694.81
8960.01
4109.31
8053.74
5198.18
7230.39
3463.24
95.1167
6057.61
2518.06
9129.2
8454.26
6533.82
3349.26
3885.94
3181.21
5141.84
5581.56
5845.75
4672.56
9011.85
7278.84
2593.91
6475.41
3363.11
2854.47
7774.29
2793.82
8444.86
1987.28
1475.59
6139.67
947.291
5584.89
4193.42
6145.47
2815.29
7656.66
6240.59
8872.9
174.723
5369.79
7327.16
6708.54
8719.05
1213.1
9889.75
3860.89
6794.66
5735.5
8533.45
5806.52
3014.34
1127.35
2281.93
6377.45
3981.82
56.219
9171.26
2426.68
2043.5
646.85
8566.35
2990.79
6231.74
2759.77
9136.26
9047.03
416.425
5376.85
7919.93
591.148
746.638
5247.09
7299.69
9465.69
6460.2
7189.43
3326.57
3254.86
2924.93
1860.02
9061.38
5939.27
2987.37
1343.3
2316.71
6969.19
1399.52
1487.98
9395.87
3443.02
2134.83
7962.22
6433.81
8366.57
721.985
5570.07
7413.6
1138.41
946.92
5333.53
1729.56
1693.56
580.626
9029.25
1159.24
7040.82
6218.68
4485.81
295.683
9143.61
6345.83
9357.06
5082.88
9333.2
700.364
7399.59
6302.39
2099.89
8887.57
5698.26
5542.91
1022.39
3660.48
1976.72
9388.96
4382.47
7546.79
6802.57
5520.88
8493.71
2136.1
7250.43
187.27
2716.73
6279.68
1346.51
9757.55
2498.36
5832.33
53.2318
1641.97
2178.16
9410.29
6724.85
1511.36
110.657
4124.44
7813.76
2210.54
3012.01
3512.02
7753.45
4034.4
7172.5
9730.17
3423.37
1554.97
7276.96
225.934
7075.85
5770.68
2362.03
4326.28
5957.95
5078.76
605.962
7304.46
4836.31
3104.32
3136.79
4889.54
4746.29
5314.95
4299.83
1471.14
6826.31
4410.49
5595.58
4640.07
6621.03
8607.59
8152.09
4374.49
2641.99
5324.59
4104.66
6065.36
6879.56
1381.62
6291.29
3955.41
7152.3
8653.33
8281.69
3110.25
3732.09
8887.66
